"Q1"	"Q2"	"Q3"	"Q4"	"Q5"	"Q6"	"Q7"	"Q8"	"Q9"	"Q10"	"Gender"
"1"	1	1	2	1	1	4	2	3	3	1	1
"2"	2	1	1	1	1	2	1	2	1	2	1
"3"	2	1	1	1	1	4	1	1	1	2	1
"4"	2	1	1	1	1	4	1	1	1	4	1
"5"	2	3	2	1	2	4	1	4	4	1	1
"6"	1	2	1	1	1	2	1	1	1	1	1
"7"	1	2	1	1	2	3	1	1	3	2	1
"8"	2	2	2	1	1	2	1	4	4	2	1
"9"	1	2	1	1	1	2	1	4	3	2	1
"10"	2	1	1	1	2	1	1	1	1	4	1
"11"	3	2	3	2	3	3	2	2	3	3	1
"12"	1	1	2	2	1	4	3	2	2	2	1
"13"	2	1	1	1	1	3	2	1	2	3	1
"14"	4	4	4	4	4	4	3	2	4	4	1
"15"	3	2	1	1	2	3	1	1	1	1	1
"16"	4	4	2	1	1	2	3	3	3	1	1
"17"	2	2	3	4	3	4	3	3	3	4	1
"18"	2	1	2	1	3	3	2	2	3	1	1
"19"	2	2	1	2	3	3	2	1	2	3	1
"20"	2	1	2	2	1	3	2	3	3	4	1
"21"	4	4	4	4	4	4	4	4	3	4	1
"22"	4	3	3	2	3	3	4	4	4	1	1
"23"	1	2	3	2	4	4	4	4	2	4	1
"24"	2	2	2	2	2	2	2	2	2	2	1
"25"	2	3	4	2	3	4	2	2	4	3	1
"26"	4	4	3	1	1	3	1	3	4	3	1
"27"	2	2	2	2	4	4	4	4	1	4	1
"28"	2	2	1	1	3	3	2	2	1	2	1
"29"	1	2	2	1	2	4	2	2	2	1	1
"30"	2	2	2	2	1	3	3	3	3	2	1
"31"	3	3	4	2	3	3	3	3	2	3	1
"32"	2	2	2	3	2	3	2	2	3	2	1
"33"	2	3	2	2	1	4	2	2	2	1	1
"34"	3	4	4	4	4	4	3	4	4	4	1
"35"	3	3	2	2	2	2	2	2	1	3	1
"36"	2	2	2	1	2	3	3	2	2	2	1
"37"	3	2	4	2	3	4	1	2	3	4	1
"38"	1	1	2	2	1	2	3	2	2	1	1
"39"	4	3	4	4	4	4	2	1	1	4	1
"40"	4	3	3	3	3	4	2	3	2	3	1
"41"	4	1	2	2	3	4	1	1	2	3	1
"42"	1	3	4	3	2	4	4	4	4	3	1
"43"	2	2	2	1	2	2	2	2	2	2	1
"44"	2	1	1	1	2	3	3	3	3	2	1
"45"	1	1	1	2	1	2	1	1	1	1	1
"46"	3	4	4	2	3	4	4	4	4	3	1
"47"	2	2	3	1	3	2	1	2	3	4	1
"48"	1	2	2	1	2	2	2	2	2	2	1
"49"	2	1	1	1	3	2	1	1	1	3	1
"50"	4	4	1	1	1	3	1	3	3	1	1
"51"	1	1	4	1	1	1	1	1	2	4	1
"52"	1	1	2	1	1	4	1	1	4	1	1
"53"	2	2	2	2	2	3	1	2	1	2	1
"54"	1	4	3	1	1	3	3	3	4	1	1
"55"	3	3	2	4	1	4	3	4	1	4	1
"56"	4	1	1	1	3	3	4	3	3	3	1
"57"	2	2	2	2	1	3	2	1	3	3	1
"58"	3	3	1	1	1	3	2	3	1	1	1
"59"	4	3	2	1	2	2	2	1	4	3	1
"60"	2	1	2	1	1	4	2	3	4	4	1
"61"	3	1	1	1	2	3	1	2	1	3	1
"62"	4	4	4	4	4	4	4	4	4	4	1
"63"	3	2	2	1	2	3	2	2	2	2	1
"64"	4	2	4	1	2	4	2	3	3	4	1
"65"	2	2	1	1	2	4	2	1	3	4	1
"66"	1	3	3	3	3	3	2	4	4	3	1
"67"	1	2	2	1	1	3	2	1	1	1	1
"68"	3	3	3	3	3	3	2	4	3	4	1
"69"	3	2	2	2	4	2	3	3	3	4	1
"70"	1	1	1	1	1	3	1	1	1	1	1
"71"	2	2	2	1	4	2	2	2	2	1	1
"72"	3	4	3	4	4	4	3	4	2	3	1
"73"	1	2	1	1	1	3	1	2	2	1	1
"74"	3	3	2	3	2	2	2	2	2	2	1
"75"	3	3	4	3	3	4	3	4	4	2	1
"76"	2	1	1	2	1	4	2	2	1	2	1
"77"	1	1	3	1	1	4	2	2	4	4	1
"78"	1	1	2	2	2	2	1	2	2	2	1
"79"	4	2	3	3	4	4	3	4	2	3	1
"80"	3	4	4	4	4	4	2	2	3	4	1
"81"	1	2	2	1	1	3	1	2	2	2	1
"82"	4	4	4	2	1	3	4	3	4	1	1
"83"	2	2	2	1	2	4	4	4	3	4	1
"84"	4	3	2	1	3	3	3	3	2	3	1
"85"	3	3	3	3	4	4	2	3	4	2	1
"86"	3	3	4	3	3	4	2	2	4	4	1
"87"	3	3	2	2	1	4	2	2	3	3	1
"88"	2	1	1	1	2	2	1	2	1	1	1
"89"	4	4	4	4	1	3	2	2	2	3	1
"90"	3	2	2	2	1	3	2	1	1	4	1
"91"	3	3	3	3	4	4	4	3	3	4	1
"92"	1	1	2	1	1	2	1	1	1	1	1
"93"	3	2	2	1	1	2	1	1	2	3	1
"94"	4	4	2	1	1	4	1	1	3	3	1
"95"	3	3	4	3	3	4	3	3	2	4	1
"96"	4	4	4	4	4	4	4	4	4	3	1
"97"	3	2	3	2	3	4	3	3	1	2	1
"98"	2	3	3	2	1	4	2	2	3	4	1
"99"	1	1	2	2	2	3	1	1	1	1	1
"100"	1	3	2	2	1	3	3	3	2	1	1
"101"	4	4	4	4	4	4	4	4	4	4	1
"102"	4	2	2	1	2	4	3	3	2	4	1
"103"	1	3	2	2	2	3	3	3	3	3	1
"104"	1	1	1	1	2	3	2	2	2	3	1
"105"	1	4	2	1	2	4	2	4	4	1	1
"106"	1	1	1	1	1	3	1	1	1	1	1
"107"	1	2	1	1	3	3	1	3	1	2	1
"108"	3	3	2	2	4	4	2	2	3	4	1
"109"	1	1	2	2	2	4	1	2	1	1	1
"110"	1	1	1	1	2	4	2	2	1	2	1
"111"	1	3	1	1	4	4	1	3	4	1	1
"112"	3	2	3	2	4	4	4	3	1	4	1
"113"	1	2	1	1	1	2	2	2	2	1	1
"114"	3	1	1	1	1	4	1	1	4	4	1
"115"	4	3	2	2	1	2	1	1	1	4	1
"116"	2	4	3	4	4	4	4	4	4	4	1
"117"	2	1	1	1	2	4	1	2	1	1	1
"118"	2	2	2	1	2	2	2	3	2	3	1
"119"	3	2	2	1	1	3	2	1	1	3	1
"120"	1	1	1	1	1	2	1	1	2	3	1
"121"	3	2	2	2	1	2	1	2	3	3	1
"122"	4	4	3	4	2	2	3	4	4	1	1
"123"	2	2	2	3	1	1	1	1	1	3	1
"124"	2	1	2	1	1	1	1	1	2	1	1
"125"	2	1	2	2	3	3	4	2	1	2	1
"126"	1	1	2	1	1	3	1	1	2	3	1
"127"	4	4	3	3	2	3	1	1	2	4	1
"128"	4	3	2	2	1	2	1	3	3	2	1
"129"	3	2	1	1	1	2	2	1	1	1	1
"130"	2	2	1	1	1	4	1	2	2	3	1
"131"	2	2	3	2	2	3	1	2	3	3	1
"132"	3	4	3	1	4	4	2	3	4	4	1
"133"	1	1	1	1	1	4	2	2	1	1	1
"134"	4	4	3	1	2	2	4	4	2	3	1
"135"	1	2	3	1	3	3	1	1	1	1	1
"136"	2	1	1	1	1	2	1	1	2	3	1
"137"	2	1	2	2	2	3	2	2	1	4	1
"138"	1	2	2	1	3	2	1	2	2	4	1
"139"	1	2	1	1	2	3	1	3	1	1	1
"140"	3	3	2	1	2	4	3	3	4	4	1
"141"	3	4	4	3	4	4	4	4	4	3	1
"142"	3	4	4	4	2	3	3	3	4	2	1
"143"	3	3	4	3	4	4	2	1	1	4	1
"144"	1	1	1	1	2	4	2	4	4	3	1
"145"	3	4	4	4	4	4	3	2	4	4	1
"146"	4	3	3	3	2	3	3	3	4	4	1
"147"	1	1	1	1	1	4	1	1	1	1	1
"148"	4	4	4	4	2	4	3	3	2	4	1
"149"	1	1	2	2	1	2	1	1	1	1	1
"150"	1	1	1	1	1	1	1	1	1	3	1
"151"	1	1	1	1	1	1	1	1	1	1	1
"152"	3	2	3	3	3	3	2	3	4	4	1
"153"	3	1	2	3	2	4	3	3	3	3	1
"154"	1	2	1	1	2	2	1	1	3	1	1
"155"	1	2	1	2	1	2	1	1	1	2	1
"156"	3	2	1	1	2	4	2	2	1	4	1
"157"	4	3	3	1	3	4	2	2	4	4	1
"158"	4	3	1	1	1	4	1	1	4	1	1
"159"	4	4	3	4	3	3	3	4	4	2	1
"160"	1	1	2	1	3	4	3	3	1	1	1
"161"	4	4	4	4	2	4	4	4	4	4	1
"162"	1	3	4	4	4	4	4	4	4	4	1
"163"	2	1	1	1	1	3	1	2	2	3	1
"164"	2	3	4	2	1	4	4	4	4	4	1
"165"	2	3	1	1	1	3	2	1	3	1	1
"166"	2	3	1	1	1	1	1	1	1	1	1
"167"	4	4	4	3	4	4	4	4	4	4	1
"168"	1	1	1	1	2	2	1	1	1	1	1
"169"	2	1	1	1	1	1	1	1	1	2	1
"170"	2	2	2	3	1	2	1	1	2	3	1
"171"	1	3	2	2	2	3	2	1	2	3	1
"172"	4	4	4	4	4	4	4	4	4	4	1
"173"	1	1	1	2	1	4	1	1	1	1	1
"174"	4	3	1	1	2	3	1	1	3	4	1
"175"	4	4	4	3	2	2	3	3	4	1	1
"176"	4	1	2	2	4	4	3	1	1	4	1
"177"	1	2	1	1	2	4	2	3	1	4	1
"178"	2	2	2	1	1	2	1	2	3	2	1
"179"	3	2	2	2	4	2	1	3	3	2	1
"180"	3	3	2	2	1	2	1	2	1	2	1
"181"	3	2	3	2	1	2	2	1	1	3	1
"182"	4	3	3	4	4	4	2	3	4	4	1
"183"	1	1	1	1	2	2	1	1	2	1	1
"184"	1	2	1	1	1	3	2	3	1	4	1
"185"	2	1	1	2	3	3	2	2	1	3	1
"186"	2	1	4	1	3	4	1	2	1	4	1
"187"	1	1	1	2	2	3	2	2	3	2	1
"188"	2	3	4	4	3	4	4	3	2	4	1
"189"	3	4	4	3	2	4	3	3	4	2	1
"190"	1	2	2	3	2	3	3	3	3	1	1
"191"	1	1	1	1	1	2	1	1	1	3	1
"192"	4	3	3	4	2	4	3	4	1	1	1
"193"	3	2	2	2	1	2	2	1	2	2	1
"194"	2	1	2	1	1	3	1	1	2	2	1
"195"	2	2	2	2	2	2	2	2	3	3	1
"196"	2	2	2	3	3	4	4	4	4	4	1
"197"	4	4	4	2	2	3	2	2	4	4	1
"198"	4	4	4	4	4	4	3	3	4	4	1
"199"	1	1	1	2	2	2	2	2	1	2	1
"200"	3	2	2	1	2	4	1	3	3	1	1
"201"	3	3	3	2	2	4	2	2	2	4	1
"202"	3	3	3	3	2	3	2	3	4	1	1
"203"	2	2	2	2	1	2	2	3	4	4	1
"204"	1	2	2	2	1	2	2	2	2	1	1
"205"	1	1	1	1	2	2	1	1	1	2	1
"206"	2	3	2	3	3	3	4	3	3	1	1
"207"	4	4	2	2	3	3	2	3	1	3	1
"208"	1	1	1	1	1	2	1	1	1	2	1
"209"	2	1	1	1	1	1	1	1	1	2	1
"210"	4	4	4	4	4	4	4	4	4	4	1
"211"	2	2	2	1	2	3	2	3	2	1	1
"212"	1	1	2	2	1	4	1	1	1	1	1
"213"	1	1	1	1	1	2	1	1	1	1	1
"214"	3	3	3	3	3	3	3	3	3	3	1
"215"	1	2	2	2	1	3	1	1	3	1	1
"216"	3	4	3	3	3	3	3	3	3	3	1
"217"	2	2	2	2	2	2	2	2	2	2	1
"218"	3	3	3	2	3	4	2	2	1	3	1
"219"	2	4	4	1	4	4	4	4	4	1	1
"220"	4	4	4	4	2	4	4	3	1	3	1
"221"	4	4	4	3	4	4	4	4	4	4	1
"222"	1	1	1	1	1	1	1	1	1	1	1
"223"	2	2	2	1	2	3	2	3	2	1	1
"224"	4	3	3	3	3	4	3	3	2	4	1
"225"	4	4	2	2	4	4	4	4	2	4	1
"226"	2	2	3	3	4	3	2	2	1	1	1
"227"	1	1	1	1	1	2	1	1	1	1	1
"228"	3	2	2	2	1	2	2	2	1	2	1
"229"	1	2	2	2	1	1	1	2	1	1	1
"230"	1	2	1	1	1	4	2	3	4	1	1
"231"	1	1	2	2	2	4	1	1	1	1	1
"232"	2	2	1	2	2	3	2	1	1	1	1
"233"	2	1	1	1	2	2	1	1	1	2	1
"234"	2	4	3	1	2	3	3	3	4	1	1
"235"	2	2	2	3	1	4	1	1	2	3	1
"236"	1	1	2	1	1	2	1	1	2	1	1
"237"	2	2	2	3	2	3	3	3	4	4	1
"238"	1	1	2	1	1	4	2	2	4	2	1
"239"	1	2	2	2	2	2	1	1	4	2	1
"240"	2	3	2	1	2	4	2	3	4	3	1
"241"	1	2	2	2	3	4	3	3	4	1	1
"242"	1	1	1	1	1	2	1	1	1	2	1
"243"	2	1	1	1	1	4	2	1	1	3	1
"244"	2	3	4	3	3	4	3	3	3	3	1
"245"	4	4	4	4	4	4	4	4	1	2	1
"246"	2	1	1	1	1	4	1	1	1	4	1
"247"	2	2	2	1	2	3	1	2	1	3	1
"248"	3	4	3	1	2	1	4	4	4	4	1
"249"	4	4	4	3	2	3	2	3	4	3	1
"250"	4	4	4	4	4	4	4	4	4	4	1
"251"	2	2	3	1	3	3	2	3	4	2	1
"252"	2	3	4	2	3	1	2	3	3	4	1
"253"	1	1	1	1	1	1	1	1	1	1	1
"254"	3	3	3	1	3	1	3	3	2	3	1
"255"	4	4	4	2	4	4	3	4	4	3	1
"256"	2	4	3	2	4	4	4	3	4	2	1
"257"	2	3	1	1	1	2	2	1	3	1	1
"258"	2	1	2	2	2	3	1	2	1	2	1
"259"	4	3	3	4	2	4	3	3	4	4	1
"260"	3	3	1	1	1	4	1	1	4	1	1
"261"	3	1	1	1	1	3	1	1	1	1	1
"262"	3	1	2	1	1	4	2	3	1	1	1
"263"	3	2	2	2	4	4	1	1	1	4	1
"264"	2	2	2	2	4	4	3	2	1	2	1
"265"	4	3	4	2	4	4	4	4	2	3	1
"266"	2	2	2	3	1	2	1	1	1	1	1
"267"	3	3	4	3	4	3	3	2	3	3	1
"268"	1	2	1	1	3	2	2	2	2	3	1
"269"	2	1	1	2	1	3	1	1	1	3	1
"270"	3	2	2	2	2	2	2	3	3	3	1
"271"	2	1	2	1	2	3	2	2	3	3	1
"272"	2	2	3	2	2	4	2	2	3	4	1
"273"	2	3	2	1	4	4	4	3	4	1	1
"274"	1	2	1	2	1	3	1	1	2	3	1
"275"	1	1	1	1	2	3	1	1	2	1	1
"276"	1	1	2	2	1	3	1	2	1	2	1
"277"	4	2	4	1	1	2	2	1	2	1	1
"278"	4	4	3	4	2	4	3	4	4	4	1
"279"	1	1	2	1	1	3	1	1	1	1	1
"280"	2	2	3	1	2	2	1	1	3	2	1
"281"	1	2	2	1	1	4	4	3	2	1	1
"282"	2	2	2	2	1	3	3	2	2	1	1
"283"	4	4	3	2	2	4	3	3	3	3	1
"284"	2	2	2	1	4	4	2	3	1	4	1
"285"	2	3	3	2	4	4	3	4	4	4	1
"286"	1	1	2	1	2	4	1	3	2	1	1
"287"	1	2	2	1	2	2	2	2	2	2	1
"288"	4	2	2	3	1	3	2	1	3	4	1
"289"	3	2	2	3	3	2	3	2	3	2	1
"290"	3	3	2	1	2	2	3	2	2	1	1
"291"	2	2	2	2	2	4	2	1	3	3	1
"292"	3	4	3	2	2	3	3	3	3	1	1
"293"	2	1	2	1	3	4	2	2	1	4	1
"294"	1	1	1	1	4	3	1	3	4	1	1
"295"	1	2	2	1	3	2	2	3	4	2	1
"296"	2	3	3	2	1	2	2	2	3	3	1
"297"	1	1	1	1	1	2	1	1	2	1	1
"298"	2	2	2	2	1	2	2	2	2	2	1
"299"	1	2	1	1	2	3	2	1	1	1	1
"300"	3	4	2	1	2	2	2	2	4	4	1
"301"	2	1	2	1	1	4	3	2	1	1	1
"302"	4	4	4	4	4	4	3	2	3	4	1
"303"	4	4	4	1	1	3	1	2	4	2	1
"304"	4	2	3	3	4	4	4	4	4	2	1
"305"	2	2	2	1	2	4	4	2	3	1	1
"306"	2	2	2	4	2	3	1	1	4	4	1
"307"	1	3	1	2	1	3	3	3	2	4	1
"308"	4	3	3	2	3	4	4	4	2	4	1
"309"	2	4	4	1	4	4	4	4	4	4	1
"310"	4	4	2	2	4	3	3	4	3	4	1
"311"	1	2	4	2	4	4	4	4	4	4	1
"312"	1	2	2	2	3	4	3	3	3	2	1
"313"	2	2	2	1	1	2	1	2	2	3	1
"314"	1	1	1	1	1	2	1	1	2	1	1
"315"	3	3	3	3	4	3	2	2	2	4	1
"316"	2	1	1	1	2	3	1	1	2	3	1
"317"	2	2	1	1	3	3	1	2	3	3	1
"318"	3	2	3	3	2	4	2	3	4	2	1
"319"	1	2	2	2	4	4	2	2	1	1	1
"320"	2	1	2	1	1	4	1	1	1	2	1
"321"	2	2	1	1	2	2	1	1	1	4	1
"322"	3	1	1	1	1	1	2	1	1	2	1
"323"	3	4	2	3	4	4	2	4	3	2	1
"324"	3	2	2	1	1	2	3	2	2	3	1
"325"	1	3	2	2	1	1	1	1	1	1	1
"326"	2	2	2	2	2	2	2	3	2	2	1
"327"	2	2	1	1	1	2	1	1	2	4	1
"328"	2	2	2	1	1	3	2	3	3	2	1
"329"	3	2	2	4	4	3	1	2	1	4	1
"330"	2	2	2	2	4	3	2	2	3	1	1
"331"	1	1	1	1	1	2	1	1	1	1	1
"332"	2	1	1	2	1	3	1	2	2	2	1
"333"	2	2	2	1	2	2	2	2	3	2	1
"334"	2	2	1	1	1	4	4	3	4	4	1
"335"	1	1	2	2	1	2	1	1	1	2	1
"336"	2	2	4	2	2	4	3	3	4	4	1
"337"	1	1	2	1	1	3	1	1	2	2	1
"338"	2	2	1	1	1	2	1	1	2	2	1
"339"	2	2	2	4	2	3	2	2	2	3	1
"340"	3	3	3	1	1	3	2	1	3	2	1
"341"	4	4	4	4	4	4	1	2	1	2	1
"342"	3	3	2	3	1	4	3	2	4	3	1
"343"	4	3	4	4	4	4	4	4	4	4	1
"344"	3	3	4	3	2	2	2	2	3	4	1
"345"	3	4	4	3	2	3	3	3	3	3	1
"346"	1	1	1	1	1	4	1	1	1	1	1
"347"	3	2	1	1	3	2	1	1	2	3	1
"348"	3	2	4	3	4	3	3	2	4	3	1
"349"	1	1	2	2	4	3	2	2	1	1	1
"350"	2	1	3	3	3	3	2	2	1	2	1
"351"	4	3	3	1	1	3	2	2	2	1	1
"352"	3	2	3	2	3	4	3	2	3	4	1
"353"	1	1	1	1	1	2	1	1	1	1	1
"354"	4	3	3	2	2	4	1	2	3	4	1
"355"	1	2	1	1	2	1	4	4	1	1	1
"356"	3	2	4	2	3	4	4	4	3	2	1
"357"	2	3	2	1	1	1	2	2	2	1	1
"358"	1	1	1	1	1	1	1	1	2	1	1
"359"	3	2	3	2	4	4	3	3	4	4	1
"360"	2	1	1	2	1	2	1	1	1	1	1
"361"	1	1	1	1	1	4	1	1	1	1	1
"362"	2	1	2	2	1	4	1	2	3	1	1
"363"	1	2	1	1	2	2	1	2	3	1	1
"364"	1	2	2	1	3	3	2	2	2	3	1
"365"	1	1	1	1	2	2	1	1	1	1	1
"366"	2	3	3	2	2	1	3	3	2	1	1
"367"	1	2	2	2	1	3	1	1	1	1	1
"368"	2	4	4	4	3	3	3	3	4	1	1
"369"	1	1	2	2	1	3	2	2	1	1	1
"370"	2	3	2	3	2	4	2	2	1	2	1
"371"	2	2	2	2	2	2	1	1	3	2	1
"372"	4	2	2	2	3	4	2	2	1	2	1
"373"	3	2	2	1	2	3	4	3	1	4	1
"374"	3	4	4	4	4	4	4	4	4	4	1
"375"	2	1	1	4	3	4	3	2	1	1	1
"376"	3	3	4	3	4	4	4	4	3	4	1
"377"	3	3	2	4	2	2	2	3	3	2	1
"378"	2	2	3	3	3	4	2	3	3	2	1
"379"	3	1	2	3	1	2	2	1	2	1	1
"380"	2	2	3	4	2	4	2	2	2	3	1
"381"	3	2	2	2	1	4	4	4	4	4	1
"382"	2	1	1	1	3	2	1	2	2	4	1
"383"	2	1	2	2	2	4	2	2	1	2	1
"384"	1	3	1	1	3	3	2	2	2	2	1
"385"	2	2	2	1	2	2	2	1	2	1	1
"386"	2	2	2	3	1	2	1	2	2	1	1
"387"	1	1	1	1	2	2	1	1	1	1	1
"388"	3	3	2	2	1	4	2	3	3	4	1
"389"	1	4	2	2	4	4	3	2	1	1	1
"390"	2	2	2	1	1	1	2	3	3	2	1
"391"	4	4	2	1	1	4	4	4	4	3	1
"392"	3	2	1	1	2	4	2	2	3	4	1
"393"	4	1	2	2	3	3	4	3	2	4	1
"394"	2	1	1	1	4	4	3	1	1	3	1
"395"	3	3	3	3	4	4	3	2	4	4	1
"396"	3	2	2	1	1	4	1	1	4	2	1
"397"	2	4	3	3	4	4	4	4	4	4	1
"398"	3	4	4	4	4	4	4	4	3	3	1
"399"	3	2	2	2	4	4	3	3	2	1	1
"400"	1	2	1	3	2	4	4	4	4	2	1
"401"	1	2	1	1	2	1	1	1	1	1	1
"402"	3	3	2	1	1	3	3	3	3	3	1
"403"	3	4	3	2	2	4	1	2	4	3	1
"404"	4	2	4	3	1	4	2	2	2	4	1
"405"	2	1	2	1	1	3	2	1	3	2	1
"406"	1	1	2	2	1	2	2	2	1	1	1
"407"	3	3	1	1	1	3	1	1	2	3	1
"408"	1	1	1	1	1	1	1	1	1	1	1
"409"	4	4	4	2	4	4	3	4	3	4	1
"410"	1	1	2	2	2	4	2	2	1	4	1
"411"	2	1	2	3	2	4	2	1	2	2	1
"412"	4	3	3	1	4	4	3	4	2	4	1
"413"	3	3	3	3	2	4	3	4	4	4	1
"414"	1	1	1	1	1	2	1	1	2	1	1
"415"	3	4	3	2	3	2	3	4	3	3	1
"416"	2	1	2	1	2	2	2	1	1	2	1
"417"	2	1	1	1	2	2	2	1	1	1	1
"418"	3	3	4	4	4	4	4	4	4	1	1
"419"	2	3	2	1	1	4	2	2	4	4	1
"420"	3	1	1	1	2	3	1	1	1	2	1
"421"	3	1	1	1	2	2	2	2	2	1	1
"422"	3	4	4	4	4	4	3	4	4	4	1
"423"	3	2	1	1	2	3	2	2	4	3	1
"424"	2	3	2	1	3	3	2	1	2	3	1
"425"	3	2	2	2	3	3	2	2	1	4	1
"426"	2	2	2	1	2	3	2	2	2	2	1
"427"	2	3	4	2	2	4	3	3	2	3	1
"428"	4	2	2	3	4	4	4	4	3	4	1
"429"	2	2	2	2	2	3	2	3	2	4	1
"430"	1	1	1	1	1	2	3	2	3	1	1
"431"	1	1	1	1	2	1	1	1	1	1	1
"432"	1	2	2	1	2	4	2	3	2	4	1
"433"	1	1	1	1	1	1	1	1	1	1	1
"434"	3	3	2	1	1	2	2	2	2	2	1
"435"	4	4	3	3	4	4	4	4	4	1	1
"436"	1	4	3	3	4	2	2	2	2	3	1
"437"	1	1	1	1	1	2	2	2	3	1	1
"438"	2	3	2	1	1	3	1	2	3	1	1
"439"	1	1	1	1	1	2	1	1	1	1	1
"440"	2	3	3	3	2	4	4	3	4	3	1
"441"	4	2	2	1	2	4	2	1	1	4	1
"442"	3	3	4	4	2	3	3	4	3	3	1
"443"	2	2	1	2	1	4	1	2	1	1	1
"444"	1	1	1	1	1	2	1	1	1	3	1
"445"	2	2	2	1	1	3	2	2	3	1	1
"446"	2	2	3	2	1	4	1	2	4	3	1
"447"	2	1	2	1	2	4	1	1	1	4	1
"448"	2	1	3	1	1	4	3	3	3	1	1
"449"	3	3	3	2	4	2	3	3	3	3	1
"450"	4	2	4	2	4	4	4	4	3	3	1
"451"	1	4	4	4	4	4	4	4	4	3	1
"452"	4	3	4	4	3	4	4	3	3	3	1
"453"	2	3	2	1	1	4	3	3	4	4	1
"454"	3	3	3	1	2	2	2	3	4	3	1
"455"	3	2	2	2	3	3	2	2	2	3	1
"456"	2	2	2	1	1	2	1	1	1	2	1
"457"	4	1	4	1	4	4	4	4	1	4	1
"458"	4	4	4	4	2	4	1	2	4	4	1
"459"	1	4	3	3	1	2	1	3	3	3	1
"460"	4	3	3	2	2	4	4	4	4	4	1
"461"	2	2	2	2	2	2	2	2	2	2	1
"462"	2	1	1	1	1	3	1	1	1	2	1
"463"	2	3	4	3	2	3	2	3	3	2	1
"464"	2	1	2	2	1	2	2	1	1	2	1
"465"	3	1	1	1	1	3	1	1	1	3	1
"466"	4	3	4	2	4	4	3	3	4	4	1
"467"	3	3	3	2	3	3	4	3	4	2	1
"468"	1	2	2	2	1	2	2	3	2	1	1
"469"	3	3	3	2	3	3	2	2	1	4	1
"470"	1	1	1	1	4	4	4	3	1	1	1
"471"	1	1	1	1	1	2	1	1	1	3	1
"472"	2	3	3	1	2	1	3	1	4	2	1
"473"	2	3	2	4	2	3	3	2	2	1	1
"474"	2	2	2	1	4	3	3	4	4	3	1
"475"	2	1	1	2	1	2	2	2	2	1	1
"476"	4	3	4	2	2	3	4	4	3	4	1
"477"	1	1	1	1	1	3	1	1	2	4	1
"478"	2	1	1	2	1	3	1	1	2	1	1
"479"	2	2	3	4	2	4	4	2	1	3	1
"480"	1	1	1	1	3	3	1	1	2	2	1
"481"	2	1	1	1	3	4	3	3	2	4	1
"482"	2	1	2	1	3	4	3	3	3	4	1
"483"	3	2	1	1	1	4	1	1	1	2	1
"484"	3	2	2	2	4	4	3	2	2	3	1
"485"	1	2	2	1	2	3	3	3	3	3	1
"486"	3	3	2	1	2	2	3	2	4	3	1
"487"	4	4	4	4	4	4	4	4	4	4	1
"488"	3	4	4	2	4	4	2	2	2	3	1
"489"	2	2	2	2	2	2	1	2	1	1	1
"490"	4	3	4	3	2	4	2	3	1	3	1
"491"	1	1	2	2	2	3	2	2	4	1	1
"492"	2	2	3	1	1	4	1	1	3	1	1
"493"	2	3	3	2	2	4	2	4	3	3	1
"494"	2	1	3	1	3	3	2	2	2	3	1
"495"	4	1	1	2	1	3	1	2	1	1	1
"496"	4	2	4	4	3	2	3	4	2	3	1
"497"	3	2	3	2	2	3	2	2	2	4	1
"498"	1	1	1	1	1	1	1	1	1	1	1
"499"	4	4	4	4	4	4	4	4	4	4	1
"500"	1	1	1	1	1	4	3	3	3	1	1
"501"	1	1	1	1	1	1	1	1	1	1	1
"502"	4	4	2	1	1	4	2	4	3	4	1
"503"	4	4	2	1	2	3	3	2	3	4	1
"504"	4	4	3	3	2	2	1	1	2	2	1
"505"	1	1	2	1	2	4	1	1	2	2	1
"506"	3	3	2	1	4	4	3	3	4	4	1
"507"	3	2	2	2	3	4	3	2	3	3	1
"508"	2	3	2	2	4	2	2	2	1	3	1
"509"	1	2	2	3	2	3	2	3	3	2	1
"510"	2	1	1	2	2	1	1	1	1	4	1
"511"	1	4	4	4	3	4	3	4	4	4	1
"512"	1	1	1	1	2	4	1	2	1	2	1
"513"	2	1	2	1	2	2	1	1	3	2	1
"514"	2	2	2	1	3	1	1	1	1	1	1
"515"	2	4	4	4	3	4	4	4	3	2	1
"516"	4	4	4	4	4	4	4	4	4	4	1
"517"	2	1	2	2	2	2	1	2	1	1	1
"518"	1	1	2	1	2	2	2	2	2	3	1
"519"	4	3	4	4	4	4	3	3	4	4	1
"520"	2	3	2	1	2	4	2	2	4	4	1
"521"	3	4	3	2	2	2	4	4	2	4	1
"522"	2	2	2	2	2	4	2	1	4	2	1
"523"	3	4	3	4	3	4	4	4	3	2	1
"524"	4	4	3	4	4	3	3	3	1	1	1
"525"	2	2	1	1	1	1	1	1	1	1	1
"526"	4	4	4	3	4	4	4	4	4	4	1
"527"	2	2	2	2	2	3	3	3	3	3	1
"528"	1	2	1	1	1	1	1	1	1	1	1
"529"	1	1	1	1	1	2	2	1	2	1	1
"530"	4	4	4	2	4	4	2	3	3	3	1
"531"	2	2	2	2	2	2	2	2	2	2	1
"532"	3	2	1	1	1	4	1	1	1	1	1
"533"	1	1	2	1	4	4	4	3	2	1	1
"534"	4	4	4	4	4	4	4	4	4	4	1
"535"	1	1	1	1	2	3	1	2	1	2	1
"536"	2	1	1	1	2	4	2	2	2	3	1
"537"	2	4	4	2	4	4	4	4	4	4	1
"538"	1	1	1	2	2	4	2	1	1	1	1
"539"	4	3	2	1	3	4	2	2	3	4	1
"540"	4	4	3	2	4	4	4	4	4	4	1
"541"	2	1	2	1	3	3	1	2	1	3	1
"542"	1	2	2	1	1	1	1	2	3	1	1
"543"	4	4	4	2	1	4	2	2	4	4	1
"544"	3	2	1	1	2	3	2	2	3	2	1
"545"	3	3	4	3	3	3	4	3	3	3	1
"546"	4	2	3	2	2	4	2	3	3	4	1
"547"	2	1	1	1	1	2	2	1	1	2	1
"548"	2	2	1	1	2	2	3	3	4	1	1
"549"	4	4	4	4	2	3	4	4	4	4	1
"550"	3	2	2	3	4	1	3	3	4	4	1
"551"	2	1	1	2	1	2	1	1	1	2	1
"552"	3	3	3	2	3	4	4	3	4	4	1
"553"	1	4	2	1	4	3	3	3	3	1	1
"554"	1	4	3	3	4	4	4	4	1	1	1
"555"	4	1	4	2	4	4	3	2	1	2	1
"556"	2	1	2	1	2	4	3	3	1	2	1
"557"	2	2	3	1	3	3	4	4	4	3	1
"558"	1	1	1	1	1	2	1	1	1	1	1
"559"	4	2	1	2	1	2	2	2	4	2	1
"560"	2	4	4	4	1	2	2	1	2	4	1
"561"	1	1	1	1	1	1	1	1	1	1	1
"562"	1	2	1	1	1	2	2	2	1	1	1
"563"	3	1	3	2	1	2	1	1	1	4	1
"564"	3	3	4	3	4	3	3	2	3	3	1
"565"	4	4	4	1	3	4	4	3	4	1	1
"566"	3	2	4	2	3	3	3	3	3	4	1
"567"	4	4	4	4	4	2	3	4	4	4	1
"568"	2	1	2	1	3	4	2	2	3	2	1
"569"	1	1	1	1	1	4	1	1	1	4	1
"570"	1	1	1	1	2	3	1	1	1	1	1
"571"	1	1	1	1	1	2	1	1	1	2	1
"572"	1	1	1	1	1	4	1	1	1	1	1
"573"	1	2	1	1	1	4	1	1	4	4	1
"574"	4	2	2	4	4	4	3	3	2	4	1
"575"	2	1	2	2	1	4	1	1	1	2	1
"576"	1	1	3	2	1	3	1	1	2	1	1
"577"	1	2	1	2	1	4	2	1	3	2	1
"578"	1	2	1	2	2	4	1	3	2	2	1
"579"	3	1	1	1	3	4	2	2	2	2	1
"580"	4	3	3	2	1	4	1	2	2	4	1
"581"	1	3	4	4	2	2	4	1	1	1	1
"582"	4	3	4	4	3	4	4	4	4	3	1
"583"	4	4	4	4	4	4	4	4	4	4	1
"584"	1	1	3	4	4	4	2	2	1	1	1
"585"	1	1	1	1	3	3	3	3	4	1	1
"586"	1	1	1	2	1	3	1	1	1	1	1
"587"	2	3	3	1	1	2	2	3	3	2	1
"588"	4	2	2	1	2	4	3	3	4	4	1
"589"	4	4	4	1	4	4	1	2	4	4	1
"590"	4	2	1	1	2	4	4	4	4	2	1
"591"	3	1	1	2	3	4	3	4	4	4	1
"592"	2	3	4	4	4	3	2	2	1	3	1
"593"	2	1	1	1	1	4	1	1	2	1	1
"594"	2	2	3	3	1	3	4	3	4	3	1
"595"	4	3	2	2	1	4	1	2	4	2	1
"596"	2	1	1	1	1	3	4	4	2	1	1
"597"	1	2	2	1	1	3	1	2	3	1	1
"598"	1	1	1	1	1	4	1	1	1	1	1
"599"	1	2	1	2	1	1	1	1	2	1	1
"600"	1	2	2	1	4	4	1	3	1	1	1
"601"	1	1	2	2	1	2	1	1	2	1	1
"602"	3	4	3	2	4	4	2	3	3	4	1
"603"	1	1	1	1	1	1	1	1	1	2	1
"604"	1	2	1	2	1	2	2	1	1	1	1
"605"	4	2	1	1	1	3	1	1	3	4	1
"606"	2	4	3	3	1	2	2	3	4	2	1
"607"	2	2	2	1	1	2	1	1	1	3	1
"608"	1	1	1	1	1	3	1	1	1	2	1
"609"	1	1	1	1	2	3	2	1	3	4	1
"610"	3	2	1	1	2	2	2	3	3	3	1
"611"	1	1	1	1	3	3	1	1	1	4	1
"612"	3	2	2	1	2	3	2	2	1	3	1
"613"	2	3	4	3	3	3	3	3	4	4	1
"614"	2	2	4	1	3	3	2	2	2	3	1
"615"	4	4	4	4	2	3	2	3	2	3	1
"616"	1	1	1	1	4	4	2	2	1	1	1
"617"	2	2	2	2	2	2	2	2	3	2	1
"618"	1	1	2	1	2	2	1	2	2	1	1
"619"	4	3	1	2	1	2	2	2	1	1	1
"620"	2	3	2	4	1	1	3	3	3	1	1
"621"	3	2	1	3	1	2	3	2	2	2	1
"622"	4	4	4	1	1	4	3	4	2	1	1
"623"	1	1	1	1	2	2	1	2	3	1	1
"624"	1	2	2	1	3	3	2	2	4	3	1
"625"	3	1	1	1	1	2	1	1	1	3	1
"626"	3	2	2	4	2	2	3	3	2	2	1
"627"	1	1	1	1	1	3	1	1	2	2	1
"628"	2	3	3	3	4	4	4	4	4	2	1
"629"	2	2	1	1	1	3	1	1	2	1	1
"630"	2	2	1	1	2	2	2	2	2	1	1
"631"	1	1	1	1	1	3	1	1	1	3	1
"632"	1	1	1	1	1	1	1	1	1	3	1
"633"	2	2	3	3	4	3	2	4	3	3	1
"634"	4	1	3	1	1	2	1	3	4	4	1
"635"	1	2	2	2	1	2	2	2	4	1	1
"636"	2	2	1	1	1	2	1	3	3	2	1
"637"	1	1	2	1	1	2	1	2	3	4	1
"638"	3	4	4	2	2	4	3	4	3	2	1
"639"	2	1	1	1	1	3	2	1	1	1	1
"640"	4	2	3	4	2	4	3	4	4	4	1
"641"	4	4	4	4	3	4	4	4	4	4	1
"642"	4	3	2	3	3	3	3	3	3	4	1
"643"	4	3	3	2	4	3	3	3	3	4	1
"644"	4	4	1	4	4	4	4	4	1	1	1
"645"	4	3	2	2	1	3	2	3	4	1	1
"646"	1	2	2	1	1	1	1	1	1	1	1
"647"	2	2	2	2	4	4	4	4	4	3	1
"648"	3	2	2	3	2	3	3	3	3	2	1
"649"	4	4	1	1	3	3	3	2	2	1	1
"650"	3	2	1	2	2	2	1	1	2	1	1
"651"	1	1	1	2	1	4	1	1	1	1	1
"652"	2	2	2	2	2	4	2	1	2	2	1
"653"	2	1	1	2	1	3	1	1	2	2	1
"654"	4	3	2	1	2	4	2	4	3	4	1
"655"	3	1	1	1	1	3	2	1	1	1	1
"656"	2	2	2	2	1	2	1	2	2	2	1
"657"	3	2	1	1	1	3	1	1	2	3	1
"658"	4	4	4	4	4	4	4	4	4	3	1
"659"	1	1	1	1	1	3	2	2	1	2	1
"660"	1	2	2	3	1	3	2	1	2	2	1
"661"	1	1	1	1	1	2	2	1	1	2	1
"662"	4	3	3	3	4	4	3	2	3	4	1
"663"	1	3	2	1	1	3	1	2	3	2	1
"664"	2	1	1	1	3	3	1	1	1	2	1
"665"	4	4	4	4	4	4	4	4	4	4	1
"666"	2	4	4	4	2	4	3	3	2	1	1
"667"	4	4	4	3	2	4	3	4	4	1	1
"668"	3	2	2	2	2	4	3	2	3	3	1
"669"	3	1	2	1	2	2	3	3	2	2	1
"670"	2	1	1	2	1	4	2	1	1	2	1
"671"	2	3	1	1	1	3	2	1	3	2	1
"672"	2	1	1	2	2	4	4	3	3	4	1
"673"	2	1	3	2	2	3	1	2	1	3	1
"674"	4	4	4	3	4	4	4	4	4	4	1
"675"	2	1	1	1	2	4	1	1	4	1	1
"676"	2	2	2	2	2	4	3	2	3	3	1
"677"	2	1	1	2	2	3	3	1	1	2	1
"678"	4	4	4	4	4	4	4	4	4	4	1
"679"	3	2	3	2	4	4	3	4	4	4	1
"680"	2	2	2	3	3	3	3	2	2	2	1
"681"	3	3	4	3	3	4	2	3	2	4	1
"682"	1	1	1	1	1	1	1	1	1	1	1
"683"	3	4	4	3	4	4	4	3	3	2	1
"684"	3	4	2	2	3	4	4	4	4	4	1
"685"	3	3	4	3	2	4	2	2	2	1	1
"686"	4	4	4	4	4	4	4	4	2	4	1
"687"	3	3	1	1	4	4	4	4	4	4	1
"688"	2	3	3	2	3	3	2	2	3	4	1
"689"	2	2	2	1	1	2	1	1	2	2	1
"690"	4	4	3	2	4	4	2	3	4	4	1
"691"	1	1	1	1	1	3	1	1	2	3	1
"692"	1	1	1	1	1	4	2	2	3	2	1
"693"	3	3	2	3	2	3	4	3	2	3	1
"694"	3	2	1	2	1	2	1	1	1	1	1
"695"	1	3	4	4	3	4	3	3	1	4	1
"696"	3	3	3	3	3	3	3	3	3	4	1
"697"	1	1	2	2	1	3	1	1	2	2	1
"698"	2	1	2	2	1	2	1	1	1	1	1
"699"	1	1	1	1	2	4	4	4	4	1	1
"700"	1	1	1	1	1	3	1	1	1	1	1
"701"	2	1	2	1	3	2	1	1	1	3	1
"702"	2	1	1	1	1	3	1	1	1	3	1
"703"	3	2	1	1	3	2	1	1	1	4	1
"704"	2	2	2	1	2	4	3	2	1	3	1
"705"	4	4	4	1	4	4	3	4	4	2	1
"706"	2	4	4	4	2	4	2	4	4	4	1
"707"	2	2	1	2	1	2	2	1	2	3	1
"708"	1	1	1	1	1	1	1	1	1	1	1
"709"	4	4	4	1	2	4	2	2	4	2	1
"710"	1	1	1	1	2	3	1	1	2	3	1
"711"	1	1	2	1	2	3	1	1	1	3	1
"712"	4	4	4	4	2	4	3	4	4	1	1
"713"	4	4	4	4	1	2	3	4	2	1	1
"714"	3	3	3	3	3	3	3	2	3	3	1
"715"	1	1	4	4	2	4	2	2	2	4	1
"716"	2	2	2	2	3	3	3	3	3	1	1
"717"	2	2	3	1	1	2	2	2	2	3	1
"718"	2	4	4	3	4	4	4	4	4	1	1
"719"	1	1	1	1	1	2	1	1	3	2	1
"720"	1	1	1	2	2	4	1	1	2	4	1
"721"	1	1	1	1	3	4	2	2	3	1	1
"722"	1	1	2	2	1	3	3	2	3	1	1
"723"	1	1	1	1	1	3	1	2	3	2	1
"724"	2	1	2	2	4	4	3	3	1	3	1
"725"	1	2	2	1	2	2	1	1	2	3	1
"726"	2	2	2	1	2	2	3	3	2	3	1
"727"	1	1	1	4	4	4	1	4	4	4	1
"728"	4	4	2	2	4	4	4	3	4	4	1
"729"	2	1	3	2	2	4	2	2	1	3	1
"730"	2	3	3	2	2	2	1	3	4	1	1
"731"	2	2	2	1	1	3	2	2	1	1	1
"732"	2	2	1	1	2	4	3	3	1	4	1
"733"	2	1	1	1	2	3	1	2	2	1	1
"734"	2	2	2	1	2	3	2	2	3	3	1
"735"	3	2	3	1	4	4	3	4	4	4	1
"736"	1	2	1	2	1	2	1	1	2	1	1
"737"	4	4	2	1	2	4	3	3	2	4	1
"738"	4	4	4	4	3	4	4	4	2	4	1
"739"	4	4	4	1	3	3	3	3	3	3	1
"740"	2	2	2	1	2	3	2	2	3	3	1
"741"	2	3	2	2	1	2	1	1	3	3	1
"742"	4	2	2	1	2	4	2	1	3	3	1
"743"	1	1	1	1	2	3	1	1	1	4	1
"744"	2	3	3	3	2	3	2	3	3	3	1
"745"	2	1	1	1	2	4	1	1	1	1	1
"746"	1	2	1	3	2	2	2	2	4	4	1
"747"	1	1	2	1	2	4	2	2	1	2	1
"748"	1	1	1	1	1	2	1	1	1	1	1
"749"	2	1	1	1	2	4	4	4	3	4	1
"750"	1	1	1	1	1	3	1	1	1	1	1
"751"	2	1	1	1	1	2	1	1	2	4	1
"752"	3	1	1	1	2	4	1	2	3	1	1
"753"	4	4	4	2	4	4	4	4	4	4	1
"754"	1	1	1	1	1	2	1	1	2	1	1
"755"	4	2	2	2	2	4	3	1	4	4	1
"756"	4	2	3	4	3	4	3	2	1	3	1
"757"	2	1	1	1	2	2	2	1	1	1	1
"758"	2	2	1	1	3	1	2	2	2	4	1
"759"	2	2	3	3	2	4	2	4	3	2	1
"760"	3	4	4	3	2	3	1	1	1	4	1
"761"	1	1	1	1	1	2	1	1	1	4	1
"762"	1	1	1	1	4	4	1	1	1	4	1
"763"	1	1	1	1	1	2	1	1	1	1	1
"764"	2	1	4	4	4	4	4	4	4	4	1
"765"	2	1	2	1	1	3	1	1	2	4	1
"766"	2	2	2	1	1	4	2	2	2	1	1
"767"	1	2	1	1	1	1	2	2	1	1	1
"768"	4	1	1	1	1	4	3	2	1	4	1
"769"	1	2	1	1	3	1	2	2	2	4	1
"770"	3	3	3	2	2	3	2	3	2	2	1
"771"	2	2	3	3	2	3	3	2	2	3	1
"772"	1	3	3	3	3	4	4	4	4	4	1
"773"	3	3	3	2	3	3	2	3	4	2	1
"774"	1	1	1	3	1	3	1	1	3	1	1
"775"	1	2	1	2	1	1	1	1	2	1	1
"776"	4	4	4	4	3	4	4	4	4	3	1
"777"	1	1	1	1	1	2	1	1	1	2	1
"778"	2	2	1	2	1	3	1	2	1	2	1
"779"	2	2	1	2	2	3	2	2	1	2	1
"780"	1	1	2	1	1	2	1	1	1	2	1
"781"	2	1	1	1	1	2	1	1	2	2	1
"782"	1	1	1	1	1	4	3	2	1	3	1
"783"	1	1	1	1	1	2	1	1	2	2	1
"784"	2	3	2	2	3	4	3	2	1	4	1
"785"	1	3	3	1	2	4	3	3	2	3	1
"786"	2	2	2	2	1	3	1	1	1	3	1
"787"	1	2	1	1	1	3	2	1	1	1	1
"788"	4	2	2	2	3	4	3	2	2	1	1
"789"	2	2	2	2	3	4	2	2	4	4	1
"790"	3	1	2	2	1	3	2	2	2	2	1
"791"	2	2	3	3	4	3	4	4	4	3	1
"792"	2	3	2	1	1	2	3	2	1	1	1
"793"	2	2	3	3	4	4	2	4	4	4	1
"794"	2	2	1	1	1	3	2	1	1	2	1
"795"	1	1	1	1	1	1	1	1	1	1	1
"796"	3	3	4	3	3	4	2	2	3	3	1
"797"	3	4	4	4	1	2	1	4	2	4	1
"798"	3	1	2	1	2	4	3	4	4	3	1
"799"	3	2	2	2	2	3	2	2	1	3	1
"800"	3	2	3	1	4	4	2	3	4	4	1
"801"	1	2	2	1	2	2	2	1	2	3	1
"802"	3	3	3	3	3	3	3	3	3	1	1
"803"	4	4	4	4	4	4	1	2	3	2	1
"804"	1	2	1	2	2	3	1	1	2	3	1
"805"	2	1	1	1	3	4	2	1	2	4	1
"806"	1	1	1	2	1	3	1	1	1	3	1
"807"	1	1	1	1	2	4	4	3	4	1	1
"808"	3	3	3	3	3	4	1	1	4	4	1
"809"	3	3	3	2	4	4	3	4	4	4	1
"810"	1	2	3	3	2	2	3	2	3	4	1
"811"	4	4	4	4	4	4	4	4	4	4	1
"812"	1	2	1	1	1	1	1	1	1	1	1
"813"	2	3	2	3	1	4	3	2	4	2	1
"814"	1	1	1	1	2	3	1	2	3	1	1
"815"	2	1	2	1	1	3	1	1	1	1	1
"816"	2	2	3	3	2	3	3	3	2	4	1
"817"	3	3	3	3	2	3	1	2	3	1	1
"818"	2	2	2	2	2	3	3	1	2	4	1
"819"	3	4	4	3	4	4	4	4	4	4	1
"820"	3	4	4	4	1	2	4	4	4	4	1
"821"	2	2	2	2	2	3	2	2	2	4	1
"822"	3	2	3	1	4	4	4	4	4	4	1
"823"	1	1	1	1	1	1	1	1	1	1	1
"824"	3	3	2	1	1	2	3	2	3	4	1
"825"	2	3	4	1	2	4	2	3	1	2	1
"826"	3	3	4	3	4	4	4	4	4	4	1
"827"	2	3	2	4	4	4	4	4	4	3	1
"828"	1	1	1	1	1	2	1	1	1	1	1
"829"	2	2	2	1	2	2	1	2	1	3	1
"830"	2	3	2	2	4	3	3	3	3	4	1
"831"	1	1	1	1	1	2	1	1	1	2	1
"832"	3	2	2	2	4	4	3	3	3	2	1
"833"	2	3	4	3	3	4	4	4	4	4	1
"834"	2	1	1	1	1	2	1	1	1	2	1
"835"	2	2	2	2	1	4	1	2	2	4	1
"836"	4	4	3	2	2	3	4	3	4	3	1
"837"	1	2	1	1	2	2	1	1	2	1	1
"838"	3	2	4	2	4	4	3	2	3	4	1
"839"	3	4	2	1	3	4	3	1	4	3	1
"840"	3	4	4	4	3	4	4	4	4	3	1
"841"	3	3	3	3	3	4	2	3	2	4	1
"842"	2	2	3	2	2	3	3	3	2	3	1
"843"	1	1	1	1	1	3	3	1	3	1	1
"844"	4	3	2	1	1	4	1	1	1	4	1
"845"	2	2	2	1	3	3	4	3	3	2	1
"846"	2	3	3	2	1	3	3	4	3	3	1
"847"	3	3	4	1	2	4	3	2	2	3	1
"848"	3	4	4	4	3	4	2	2	4	4	1
"849"	1	3	2	2	1	1	1	1	1	2	1
"850"	3	4	4	2	3	3	2	2	3	4	1
"851"	1	1	3	3	2	4	1	1	2	4	1
"852"	1	4	3	1	1	3	4	1	2	4	1
"853"	4	2	3	3	3	4	1	4	1	4	1
"854"	3	2	4	2	1	4	2	3	3	4	1
"855"	3	3	4	1	3	3	3	3	3	2	1
"856"	3	1	1	1	2	4	3	3	3	3	1
"857"	3	3	2	3	2	3	2	2	2	2	1
"858"	1	4	1	1	4	4	1	4	4	4	1
"859"	4	4	4	4	1	4	1	1	2	1	1
"860"	4	2	2	1	1	4	2	2	2	3	1
"861"	2	3	2	1	3	3	2	2	1	3	1
"862"	2	3	2	2	1	3	2	2	4	3	1
"863"	3	3	2	2	3	2	3	3	4	3	1
"864"	4	3	4	4	4	4	3	4	4	4	1
"865"	2	2	2	2	1	1	1	1	1	2	1
"866"	1	2	1	1	3	4	3	3	2	4	1
"867"	3	2	2	3	4	4	3	3	1	2	1
"868"	3	3	2	3	1	2	1	2	1	1	1
"869"	2	2	2	1	3	3	2	4	2	4	1
"870"	3	2	2	1	1	3	2	4	4	3	1
"871"	3	4	4	3	4	4	3	3	4	3	1
"872"	1	1	1	1	3	3	3	3	3	2	1
"873"	2	2	2	2	2	2	2	2	3	2	1
"874"	1	1	1	1	1	2	1	1	3	1	1
"875"	4	3	4	1	1	4	1	1	2	4	1
"876"	1	1	1	1	1	1	1	1	1	1	1
"877"	2	3	2	2	1	2	3	2	3	1	1
"878"	1	2	2	1	2	3	1	1	4	2	1
"879"	1	1	1	1	2	3	1	1	1	2	1
"880"	1	1	1	2	1	4	1	1	1	3	1
"881"	4	4	4	3	4	3	4	3	4	2	1
"882"	3	3	4	2	4	4	4	4	4	4	1
"883"	2	3	2	1	2	2	2	2	2	3	1
"884"	3	3	2	1	2	3	2	3	4	3	1
"885"	1	1	1	1	2	3	3	3	3	1	1
"886"	4	4	4	1	4	4	4	4	1	4	1
"887"	3	2	2	3	2	4	3	4	4	4	1
"888"	1	1	1	3	1	3	2	2	4	4	1
"889"	2	1	2	1	2	3	2	1	1	1	1
"890"	2	1	1	2	4	4	4	4	3	2	1
"891"	3	2	2	2	1	3	2	1	1	3	1
"892"	4	3	2	3	3	4	2	3	2	3	1
"893"	2	2	2	1	3	2	1	3	1	4	1
"894"	4	4	4	2	4	4	4	4	4	4	1
"895"	4	4	4	4	4	4	4	4	4	4	1
"896"	1	2	1	2	1	4	1	1	1	2	1
"897"	4	4	3	3	4	2	3	4	4	4	1
"898"	1	1	1	1	1	4	1	1	1	4	1
"899"	2	2	3	2	1	4	2	2	4	3	1
"900"	1	2	2	2	2	3	2	3	4	4	1
"901"	1	2	2	1	2	2	2	1	2	1	1
"902"	3	1	1	1	1	4	2	1	2	2	1
"903"	2	3	4	2	4	2	3	4	2	1	1
"904"	2	3	2	1	1	4	1	1	1	4	1
"905"	2	1	1	3	1	2	1	1	1	3	1
"906"	3	4	2	2	4	3	3	4	2	1	1
"907"	1	1	2	1	1	3	2	1	4	1	1
"908"	1	1	1	1	1	2	1	1	1	1	1
"909"	3	2	3	1	4	4	3	4	3	4	1
"910"	4	3	2	2	2	4	3	4	4	4	1
"911"	3	3	3	3	3	4	3	2	3	4	1
"912"	1	2	2	2	1	1	1	1	1	1	1
"913"	4	4	4	2	3	4	3	4	4	4	1
"914"	4	4	4	4	4	4	4	4	4	4	1
"915"	2	2	2	3	3	4	3	2	4	2	1
"916"	2	1	1	2	1	2	1	1	1	3	1
"917"	2	1	1	1	1	2	1	1	2	2	1
"918"	2	2	2	2	2	3	3	2	1	3	1
"919"	2	2	3	2	1	2	2	2	3	3	1
"920"	4	1	1	1	1	1	1	1	1	1	1
"921"	4	4	4	4	4	4	4	4	4	1	1
"922"	1	1	2	2	1	4	1	2	4	1	1
"923"	1	1	1	1	1	2	1	1	2	2	1
"924"	1	2	1	1	2	2	1	1	1	2	1
"925"	3	3	2	1	2	4	2	3	1	3	1
"926"	4	4	4	4	4	4	3	4	4	4	1
"927"	4	3	4	3	2	4	3	3	4	4	1
"928"	4	4	3	4	4	4	4	4	4	1	1
"929"	1	1	1	1	1	1	1	1	1	1	1
"930"	2	2	2	1	2	4	2	3	4	4	1
"931"	2	1	4	4	4	4	4	4	4	1	1
"932"	3	1	2	1	1	3	2	1	1	3	1
"933"	1	1	1	1	1	3	1	1	1	1	1
"934"	3	3	4	3	4	4	3	3	4	4	1
"935"	3	3	2	1	3	3	3	4	4	4	1
"936"	4	4	4	4	4	4	4	4	4	4	1
"937"	1	1	2	1	2	3	2	1	1	1	1
"938"	3	2	3	2	3	3	3	2	3	3	1
"939"	4	2	4	4	3	4	4	2	4	3	1
"940"	2	2	2	1	1	2	1	1	2	2	1
"941"	4	3	3	2	3	4	3	3	3	4	1
"942"	4	4	4	4	4	4	3	4	4	1	1
"943"	3	4	2	1	1	2	1	2	2	3	1
"944"	1	1	1	1	3	2	2	1	2	1	1
"945"	3	3	4	3	4	3	2	2	3	1	1
"946"	2	1	1	1	1	3	1	1	1	1	1
"947"	2	1	2	2	2	4	2	2	1	4	1
"948"	3	2	3	3	2	4	2	2	2	3	1
"949"	1	2	2	2	2	2	2	2	3	2	1
"950"	4	4	4	2	4	4	4	4	4	3	1
"951"	1	3	2	1	2	3	2	2	4	4	1
"952"	4	4	4	4	4	4	4	4	4	4	1
"953"	4	3	3	2	2	3	2	2	3	3	1
"954"	3	2	3	1	3	4	3	4	2	4	1
"955"	1	1	1	1	1	1	1	1	1	1	1
"956"	4	2	4	4	2	1	3	1	2	4	1
"957"	4	4	4	3	3	3	2	1	2	4	1
"958"	1	1	1	1	1	2	1	2	2	1	1
"959"	2	2	3	4	3	4	3	1	1	4	1
"960"	2	4	3	2	4	4	3	3	4	4	1
"961"	2	2	4	1	3	4	3	3	4	2	1
"962"	1	2	2	3	3	4	3	2	2	1	1
"963"	2	3	2	2	3	3	2	2	2	2	1
"964"	4	4	4	3	4	4	4	3	4	1	1
"965"	2	3	4	3	3	2	3	3	2	1	1
"966"	3	4	4	4	4	4	4	4	4	4	1
"967"	2	2	3	2	1	2	2	2	1	2	1
"968"	2	2	2	2	1	2	1	1	2	2	1
"969"	3	3	3	3	2	2	3	2	2	3	1
"970"	1	2	1	1	1	2	1	1	1	1	1
"971"	2	1	2	1	2	3	1	2	1	4	1
"972"	4	2	4	4	4	4	3	4	2	4	1
"973"	3	2	2	1	2	4	1	2	3	3	1
"974"	2	1	1	1	1	4	2	2	1	4	1
"975"	1	3	1	1	1	2	1	1	3	1	1
"976"	2	3	3	3	3	3	3	3	3	2	1
"977"	1	2	3	3	3	3	2	3	3	4	1
"978"	1	2	1	1	1	1	1	1	1	1	1
"979"	3	1	1	1	2	4	1	1	2	1	1
"980"	1	1	1	1	4	4	2	4	4	4	1
"981"	4	4	4	4	4	4	4	4	1	3	1
"982"	4	3	2	2	1	4	3	2	3	4	1
"983"	1	1	1	1	1	1	1	1	1	1	1
"984"	1	1	1	1	1	1	1	1	1	1	1
"985"	3	3	3	2	4	4	4	4	4	3	1
"986"	2	1	1	1	1	3	1	1	1	1	1
"987"	1	1	2	1	2	4	2	1	3	4	1
"988"	1	1	1	1	1	2	1	1	1	2	1
"989"	4	4	3	2	4	3	3	2	2	3	1
"990"	4	4	4	2	2	4	3	4	4	4	1
"991"	2	4	4	3	4	4	4	4	4	1	1
"992"	1	1	1	1	1	4	1	1	2	4	1
"993"	1	2	1	2	2	3	2	2	1	2	1
"994"	2	2	2	1	1	2	2	2	3	1	1
"995"	2	2	2	2	3	3	2	2	4	2	1
"996"	2	1	2	1	2	3	2	2	1	1	1
"997"	2	2	4	4	3	3	2	3	4	3	1
"998"	1	1	1	1	1	4	1	1	4	1	1
"999"	1	2	1	1	2	1	1	1	1	1	1
"1000"	2	1	1	1	1	2	1	1	2	2	1
"1001"	2	2	2	3	2	4	3	2	4	2	1
"1002"	2	2	2	1	1	2	2	1	1	1	1
"1003"	1	1	1	2	1	2	1	1	2	2	1
"1004"	1	2	2	3	1	4	1	1	1	1	1
"1005"	2	1	1	1	1	3	1	1	1	1	1
"1006"	2	3	4	4	4	3	2	4	4	4	1
"1007"	2	2	2	2	1	2	1	2	3	2	1
"1008"	2	2	2	2	2	3	2	3	3	2	1
"1009"	2	3	3	2	4	3	3	3	4	3	1
"1010"	1	1	1	1	1	2	1	1	1	4	1
"1011"	2	1	1	1	2	3	1	2	3	3	1
"1012"	1	1	1	1	1	2	2	2	2	1	1
"1013"	1	1	1	1	2	3	2	1	3	4	1
"1014"	2	1	3	3	3	4	1	1	1	4	1
"1015"	1	2	3	2	3	3	2	3	4	2	1
"1016"	4	4	4	4	4	4	4	4	4	4	1
"1017"	2	3	2	2	2	3	3	2	1	2	1
"1018"	3	1	2	3	3	3	3	3	3	4	1
"1019"	4	4	3	1	3	4	1	2	1	2	1
"1020"	2	3	3	3	1	3	2	2	3	2	1
"1021"	2	2	3	3	2	3	1	2	1	1	1
"1022"	2	4	4	4	3	2	2	2	2	1	1
"1023"	1	1	1	4	3	4	2	4	1	1	1
"1024"	4	4	3	1	3	4	2	4	4	4	1
"1025"	2	3	2	1	2	4	4	4	4	4	1
"1026"	2	4	4	4	4	4	4	4	4	3	1
"1027"	1	2	3	1	2	4	4	3	4	1	1
"1028"	3	2	2	1	3	1	2	3	4	3	1
"1029"	2	1	2	1	2	2	3	2	3	4	1
"1030"	2	1	1	1	2	4	3	3	2	4	1
"1031"	4	4	4	4	4	4	4	4	2	4	1
"1032"	3	3	2	1	2	3	3	2	4	4	1
"1033"	3	2	3	2	1	2	3	3	3	3	1
"1034"	3	2	2	3	4	3	3	2	3	4	1
"1035"	4	4	4	2	4	4	3	3	4	4	1
"1036"	2	2	2	1	1	4	1	1	2	4	1
"1037"	4	4	4	2	3	4	3	3	4	4	1
"1038"	3	2	2	3	2	4	2	2	2	3	1
"1039"	2	1	2	2	2	1	1	1	1	4	1
"1040"	4	1	4	4	4	4	1	4	1	2	1
"1041"	4	4	4	4	4	4	4	4	4	4	1
"1042"	2	1	1	1	3	4	2	2	3	1	1
"1043"	3	2	1	1	1	3	2	1	1	3	1
"1044"	2	2	2	2	2	4	1	2	3	1	1
"1045"	1	1	1	1	2	4	1	1	1	2	1
"1046"	1	1	1	1	1	4	1	1	1	1	1
"1047"	4	4	3	1	3	1	1	4	4	2	1
"1048"	1	1	1	1	1	3	2	2	2	1	1
"1049"	4	3	4	2	1	4	3	1	1	2	1
"1050"	4	4	4	4	4	4	4	4	4	4	1
"1051"	4	4	4	3	3	4	4	4	4	4	1
"1052"	4	4	4	3	3	4	3	3	2	3	1
"1053"	2	2	4	4	4	4	4	3	4	4	1
"1054"	1	2	2	1	1	4	1	1	4	3	1
"1055"	3	2	2	2	3	4	3	2	4	4	1
"1056"	1	1	1	1	1	1	1	1	1	1	1
"1057"	3	3	3	1	1	2	2	4	3	3	1
"1058"	3	2	2	3	4	3	4	3	1	4	1
"1059"	4	4	4	1	4	4	2	2	3	4	1
"1060"	2	1	2	1	2	3	3	2	3	3	1
"1061"	2	2	1	1	1	2	1	2	1	3	1
"1062"	4	2	2	2	4	4	4	3	4	3	1
"1063"	3	3	4	4	4	4	4	4	2	4	1
"1064"	4	4	4	3	2	4	2	2	2	1	1
"1065"	1	1	1	1	1	2	1	1	1	1	1
"1066"	3	3	2	2	2	4	4	3	4	4	1
"1067"	3	3	1	2	2	4	4	4	4	2	1
"1068"	2	1	2	2	2	4	3	2	4	3	1
"1069"	1	2	2	4	2	4	4	4	4	1	1
"1070"	2	1	2	1	1	2	1	2	2	1	1
"1071"	4	3	3	3	3	4	4	4	2	2	1
"1072"	2	2	1	2	2	3	3	2	2	2	1
"1073"	3	4	4	2	3	4	4	4	4	4	1
"1074"	3	4	3	3	2	4	3	2	4	2	1
"1075"	1	1	1	1	1	3	1	1	1	1	1
"1076"	1	1	3	1	2	3	1	1	1	1	1
"1077"	1	1	1	1	1	4	1	1	1	1	1
"1078"	1	2	3	1	2	4	2	3	4	1	1
"1079"	1	1	1	1	1	1	1	1	1	2	1
"1080"	2	2	4	1	2	4	1	4	4	3	1
"1081"	2	3	2	3	4	4	3	3	2	4	1
"1082"	2	2	3	1	2	4	2	2	4	3	1
"1083"	4	4	3	1	3	3	3	3	3	1	1
"1084"	3	3	2	1	1	2	2	2	1	1	1
"1085"	1	1	3	2	3	3	3	4	3	1	1
"1086"	4	4	4	4	4	4	4	4	4	4	1
"1087"	4	3	3	2	2	4	3	3	3	4	1
"1088"	2	3	2	2	2	3	2	3	3	3	1
"1089"	2	3	2	2	2	2	2	2	2	2	1
"1090"	4	4	1	1	1	4	1	3	1	4	1
"1091"	2	1	1	1	1	2	1	1	2	3	1
"1092"	4	4	3	2	2	4	2	3	2	1	1
"1093"	3	3	3	3	3	3	3	3	3	3	1
"1094"	2	2	1	1	1	2	1	2	2	2	1
"1095"	2	2	2	2	2	3	2	2	2	3	1
"1096"	1	1	1	1	1	2	1	1	2	1	1
"1097"	2	2	1	1	3	4	2	2	1	1	1
"1098"	1	1	1	1	2	2	1	1	1	2	1
"1099"	2	1	2	1	1	4	3	3	3	4	1
"1100"	4	4	3	4	2	3	2	3	3	3	1
"1101"	4	4	4	3	2	3	2	2	3	3	1
"1102"	4	3	3	3	1	2	2	2	2	2	1
"1103"	3	2	3	1	1	4	2	1	2	2	1
"1104"	2	1	1	1	2	3	2	1	1	4	1
"1105"	2	1	1	1	1	1	1	2	2	2	1
"1106"	2	2	2	1	1	4	2	1	2	3	1
"1107"	2	2	2	2	3	4	2	4	3	1	1
"1108"	2	3	2	2	4	4	3	4	4	4	1
"1109"	1	1	1	1	1	4	2	2	2	2	1
"1110"	4	4	4	4	4	4	1	4	1	4	1
"1111"	2	4	2	2	2	2	3	3	2	1	1
"1112"	2	1	1	1	1	1	2	1	1	1	1
"1113"	2	2	2	4	2	4	4	3	4	4	1
"1114"	2	2	2	3	1	4	1	2	1	3	1
"1115"	1	3	3	1	1	2	2	1	2	4	1
"1116"	2	2	3	2	2	4	2	2	2	3	1
"1117"	1	1	1	1	1	2	1	1	1	1	1
"1118"	3	4	4	2	3	4	3	3	3	1	1
"1119"	3	2	3	2	2	4	1	2	1	2	1
"1120"	1	1	1	1	1	2	1	1	1	1	1
"1121"	2	2	2	2	3	3	2	1	2	3	1
"1122"	3	4	4	3	4	4	3	4	4	3	1
"1123"	4	1	2	1	2	4	2	2	4	4	1
"1124"	1	1	1	1	1	1	2	2	1	2	1
"1125"	2	1	1	1	2	3	1	1	1	3	1
"1126"	3	2	2	1	2	4	1	1	1	4	1
"1127"	3	4	3	2	2	4	3	3	3	4	1
"1128"	3	3	3	3	3	4	3	3	2	3	1
"1129"	1	1	1	1	1	1	1	2	1	1	1
"1130"	4	4	4	4	2	4	4	4	4	4	1
"1131"	2	2	2	2	3	3	2	2	3	2	1
"1132"	2	2	1	1	1	1	1	1	1	1	1
"1133"	4	4	4	4	4	4	2	3	1	1	1
"1134"	1	2	3	1	3	3	3	2	3	2	1
"1135"	2	2	2	1	3	3	2	2	4	3	1
"1136"	2	2	3	3	1	4	2	3	4	4	1
"1137"	2	2	1	1	1	2	2	1	1	2	1
"1138"	2	1	1	1	2	2	1	1	1	2	1
"1139"	4	4	4	4	4	3	3	3	4	4	1
"1140"	4	4	4	4	4	4	4	4	4	4	1
"1141"	3	2	4	3	3	4	3	4	4	3	1
"1142"	2	1	1	1	2	3	2	2	2	2	1
"1143"	4	4	4	3	2	4	3	3	1	3	1
"1144"	1	1	1	1	1	1	1	1	1	1	1
"1145"	2	2	2	2	2	2	1	2	3	3	1
"1146"	1	1	1	1	1	1	1	1	1	1	1
"1147"	1	1	1	1	1	3	1	2	1	1	1
"1148"	2	1	2	1	3	3	2	2	1	3	1
"1149"	2	2	2	2	2	3	2	2	2	3	1
"1150"	4	4	4	3	4	4	4	4	4	4	1
"1151"	2	2	3	3	1	4	3	2	3	1	1
"1152"	2	2	2	2	1	3	2	2	3	1	1
"1153"	3	3	3	1	1	4	1	1	2	1	1
"1154"	1	1	1	1	1	2	1	1	2	1	1
"1155"	2	2	2	3	3	4	3	4	4	4	1
"1156"	3	3	3	3	4	2	4	4	4	3	1
"1157"	2	2	2	1	2	4	2	2	3	2	1
"1158"	2	1	1	1	2	3	2	1	2	1	1
"1159"	1	2	2	2	1	1	1	2	1	1	1
"1160"	2	3	2	3	1	2	2	2	1	1	1
"1161"	1	2	1	1	1	2	1	1	1	1	1
"1162"	4	4	4	4	4	4	4	4	4	4	1
"1163"	1	1	1	2	1	4	2	2	2	1	1
"1164"	2	2	1	1	2	2	3	2	3	1	1
"1165"	3	2	1	1	3	4	3	3	4	4	1
"1166"	3	3	4	4	2	3	4	3	3	1	1
"1167"	2	2	2	1	1	3	2	1	1	1	1
"1168"	2	2	3	1	3	4	3	3	4	3	1
"1169"	2	2	1	2	3	3	2	2	1	3	1
"1170"	4	3	4	4	4	4	4	4	4	3	1
"1171"	2	3	2	2	2	2	2	3	3	3	1
"1172"	3	2	3	3	3	4	3	3	3	4	1
"1173"	1	2	1	1	2	2	1	1	1	1	1
"1174"	1	2	2	2	2	3	2	3	3	3	1
"1175"	2	2	2	1	3	4	3	4	2	4	1
"1176"	2	2	2	1	2	3	2	3	2	2	1
"1177"	4	3	2	2	3	3	3	2	3	3	1
"1178"	3	4	3	2	3	4	4	4	4	3	1
"1179"	3	3	3	3	3	3	3	2	1	2	1
"1180"	4	4	3	3	1	4	1	2	4	4	1
"1181"	3	4	2	2	1	3	1	1	1	2	1
"1182"	3	2	1	1	2	4	2	1	2	3	1
"1183"	2	1	1	1	1	3	1	1	3	1	1
"1184"	4	4	4	4	4	4	4	4	4	4	1
"1185"	1	1	1	1	1	4	1	1	4	2	1
"1186"	2	2	2	1	1	1	2	2	1	2	1
"1187"	3	2	1	2	1	3	1	4	2	4	1
"1188"	1	1	1	2	1	2	1	1	1	1	1
"1189"	1	2	2	1	1	3	1	1	4	1	1
"1190"	1	1	2	1	2	3	2	1	2	1	1
"1191"	2	2	3	2	4	4	3	3	1	4	1
"1192"	4	4	4	1	3	3	4	3	3	3	1
"1193"	4	4	4	4	4	4	3	3	4	4	1
"1194"	4	3	3	3	3	4	4	4	4	3	1
"1195"	1	1	1	2	3	4	2	2	2	1	1
"1196"	3	1	2	3	4	4	3	4	4	4	1
"1197"	3	3	3	1	4	3	3	2	3	3	1
"1198"	4	4	4	4	4	4	4	4	4	4	1
"1199"	3	2	3	2	2	3	1	1	1	3	1
"1200"	3	3	4	4	4	3	4	4	3	3	1
"1201"	2	3	3	1	2	1	1	2	3	4	1
"1202"	1	1	1	1	2	3	2	1	2	4	1
"1203"	1	1	2	1	1	4	1	1	4	1	1
"1204"	2	2	2	2	3	2	2	2	4	2	1
"1205"	4	4	3	3	2	4	3	2	4	4	1
"1206"	1	1	1	1	2	2	1	2	3	1	1
"1207"	1	2	2	1	2	4	3	2	2	1	1
"1208"	3	1	2	3	2	2	1	2	2	3	1
"1209"	1	2	3	2	2	4	1	2	3	1	1
"1210"	4	3	2	1	4	1	4	4	2	1	1
"1211"	2	1	1	1	2	2	1	1	1	3	1
"1212"	2	1	2	1	3	3	1	2	2	3	1
"1213"	1	4	4	4	4	4	4	4	4	4	1
"1214"	3	3	2	1	1	4	3	3	3	1	1
"1215"	2	2	3	2	2	3	3	3	3	4	1
"1216"	1	1	1	2	2	2	1	2	3	2	1
"1217"	1	1	1	1	1	1	1	1	2	4	1
"1218"	3	4	4	4	3	4	3	3	3	3	1
"1219"	2	1	2	2	1	3	2	2	2	3	1
"1220"	3	2	3	1	1	3	2	1	1	3	1
"1221"	1	1	2	1	1	3	1	1	4	4	1
"1222"	3	3	4	3	4	4	2	4	2	4	1
"1223"	3	4	3	3	1	3	3	4	3	2	1
"1224"	3	3	3	2	1	4	4	3	4	2	1
"1225"	1	1	1	1	2	2	2	1	1	2	1
"1226"	4	3	3	2	4	4	3	1	1	1	1
"1227"	3	3	2	2	3	3	2	3	3	3	1
"1228"	2	1	1	2	2	3	2	2	4	2	1
"1229"	1	1	2	2	1	3	1	1	1	3	1
"1230"	3	2	3	1	2	3	2	2	3	3	1
"1231"	2	2	2	2	1	4	1	2	1	4	1
"1232"	3	2	2	2	2	4	2	2	3	2	1
"1233"	2	1	1	1	1	2	1	1	1	1	1
"1234"	2	3	1	2	2	4	3	3	3	4	1
"1235"	2	1	2	2	3	3	2	2	4	2	1
"1236"	4	2	4	2	3	3	3	3	4	4	1
"1237"	1	2	2	1	1	4	2	2	4	1	1
"1238"	2	2	2	1	2	4	2	2	1	2	1
"1239"	4	4	4	4	4	4	4	4	4	2	1
"1240"	4	2	2	3	1	4	1	1	2	2	1
"1241"	3	2	3	3	3	4	4	3	4	4	1
"1242"	3	3	3	3	3	3	3	3	3	3	1
"1243"	3	4	4	4	4	4	1	3	4	4	1
"1244"	2	2	2	1	1	2	1	1	1	1	1
"1245"	1	1	1	1	1	2	1	1	1	1	1
"1246"	4	4	4	2	2	4	4	3	2	4	1
"1247"	2	1	1	1	1	3	1	1	1	2	1
"1248"	1	1	1	1	2	4	2	3	2	3	1
"1249"	4	1	3	4	2	4	2	4	4	4	1
"1250"	1	1	1	1	1	1	1	1	1	1	1
"1251"	3	3	2	2	4	2	4	4	1	4	1
"1252"	1	1	1	1	1	2	1	1	1	1	1
"1253"	4	4	4	4	2	4	2	4	4	4	1
"1254"	4	4	3	3	2	4	3	1	4	4	1
"1255"	3	2	1	2	1	3	1	3	3	3	1
"1256"	1	1	1	1	3	3	3	3	1	2	1
"1257"	1	2	2	1	1	2	2	1	1	2	1
"1258"	2	4	4	3	3	3	2	2	3	4	1
"1259"	1	2	2	1	1	3	2	2	3	2	1
"1260"	4	4	4	4	4	4	4	4	4	4	1
"1261"	1	1	2	1	1	2	1	1	1	2	1
"1262"	4	3	2	3	3	2	2	3	4	3	1
"1263"	4	4	4	3	2	3	4	2	4	4	1
"1264"	2	2	2	3	2	3	2	2	2	3	1
"1265"	2	3	2	1	1	1	2	1	2	4	1
"1266"	4	2	4	4	2	3	4	3	1	2	1
"1267"	2	2	1	1	1	2	1	1	2	1	1
"1268"	3	4	2	1	1	2	1	2	4	1	1
"1269"	1	1	1	1	1	2	1	1	1	1	1
"1270"	1	3	4	1	4	4	4	4	4	4	1
"1271"	2	1	1	1	2	3	2	2	1	4	1
"1272"	2	3	2	2	2	3	3	3	3	3	1
"1273"	1	4	4	3	2	4	4	3	4	4	1
"1274"	2	1	1	1	2	2	2	2	2	2	1
"1275"	1	1	1	1	2	2	1	2	1	1	1
"1276"	2	2	2	2	1	2	1	1	2	1	1
"1277"	4	3	3	4	3	4	3	3	3	4	1
"1278"	3	3	4	4	3	2	3	2	3	3	1
"1279"	3	3	3	1	1	3	1	2	3	3	1
"1280"	2	1	1	1	2	3	3	3	3	2	1
"1281"	2	2	2	1	1	3	2	1	4	1	1
"1282"	1	1	1	1	4	4	1	1	1	4	1
"1283"	1	1	1	1	1	1	1	1	1	1	1
"1284"	4	4	3	1	4	4	4	3	1	4	1
"1285"	2	1	2	1	1	2	1	1	2	4	1
"1286"	4	4	4	4	4	4	4	4	4	4	1
"1287"	2	2	2	2	2	3	2	1	3	1	1
"1288"	2	3	3	2	1	4	1	2	3	2	1
"1289"	2	3	3	3	2	4	2	3	4	4	1
"1290"	4	1	3	1	3	4	4	4	4	2	1
"1291"	4	4	4	4	4	4	4	4	4	4	1
"1292"	4	3	3	2	4	4	4	4	1	4	1
"1293"	2	4	2	3	2	3	3	4	2	1	1
"1294"	1	2	1	2	1	4	4	1	4	1	1
"1295"	2	1	1	1	1	3	1	2	1	1	1
"1296"	4	4	4	4	4	4	4	4	4	4	1
"1297"	2	4	2	2	2	3	4	3	4	4	1
"1298"	2	2	3	2	3	3	3	3	3	1	1
"1299"	2	1	2	2	2	3	2	2	1	3	1
"1300"	2	1	1	1	2	3	1	1	1	2	1
"1301"	1	1	3	4	1	4	2	1	2	3	1
"1302"	1	1	2	2	1	3	2	3	4	3	1
"1303"	2	3	3	2	3	4	2	4	4	4	1
"1304"	1	3	4	4	4	4	2	2	1	4	1
"1305"	1	1	1	1	1	1	1	1	1	1	1
"1306"	3	3	2	1	3	4	2	4	2	4	1
"1307"	3	3	3	4	4	4	4	4	4	3	1
"1308"	4	3	2	1	2	3	4	3	4	4	1
"1309"	4	3	2	1	3	3	2	2	2	4	1
"1310"	2	1	1	2	1	3	1	1	3	3	1
"1311"	1	2	1	1	1	3	1	2	1	2	1
"1312"	4	2	1	1	2	2	2	2	3	2	1
"1313"	2	1	2	1	1	3	1	1	2	2	1
"1314"	1	1	2	1	2	2	1	1	2	2	1
"1315"	2	1	2	1	1	1	1	2	4	3	1
"1316"	3	4	2	3	3	4	3	4	4	2	1
"1317"	3	4	4	4	4	4	3	4	4	4	1
"1318"	2	2	2	3	3	3	3	3	3	3	1
"1319"	3	1	4	2	3	4	4	3	2	4	1
"1320"	4	4	4	4	2	4	4	4	3	2	1
"1321"	1	2	3	3	1	4	2	2	3	1	1
"1322"	4	4	3	4	2	3	3	3	4	3	1
"1323"	1	1	1	1	1	3	1	1	2	2	1
"1324"	2	1	2	1	1	2	2	1	2	2	1
"1325"	3	1	3	2	4	4	2	2	3	3	1
"1326"	3	1	2	1	2	3	1	2	3	1	1
"1327"	1	1	1	2	1	1	1	1	1	3	1
"1328"	3	1	2	1	2	4	2	1	2	1	1
"1329"	1	3	1	1	1	2	1	1	1	1	1
"1330"	4	3	2	1	4	4	2	3	4	4	1
"1331"	1	1	1	1	1	3	1	1	2	2	1
"1332"	4	4	4	2	4	4	4	4	4	2	1
"1333"	3	3	3	2	2	4	4	3	2	3	1
"1334"	1	1	1	1	1	3	2	1	1	1	1
"1335"	3	2	2	3	3	4	2	3	3	3	1
"1336"	4	4	3	1	4	3	1	3	4	4	1
"1337"	4	1	4	1	1	1	4	2	2	4	1
"1338"	1	1	1	1	1	4	1	1	4	2	1
"1339"	4	4	4	4	1	2	4	1	2	4	1
"1340"	2	1	2	2	2	2	2	3	3	2	1
"1341"	1	1	1	1	2	3	3	3	4	1	1
"1342"	3	2	2	1	1	1	1	1	1	2	1
"1343"	4	2	1	1	1	2	1	2	2	1	1
"1344"	3	3	2	2	4	3	3	3	3	3	1
"1345"	2	2	3	1	4	3	2	3	3	1	1
"1346"	1	1	1	2	1	2	1	1	1	1	1
"1347"	3	3	3	2	2	3	2	1	2	4	1
"1348"	2	2	4	3	3	3	4	3	2	3	1
"1349"	3	1	1	1	2	1	1	1	1	3	1
"1350"	2	4	4	4	4	3	3	4	4	2	1
"1351"	2	4	3	3	3	4	3	3	4	4	1
"1352"	4	4	1	1	1	1	1	1	1	1	1
"1353"	3	2	2	2	1	2	2	2	1	4	1
"1354"	2	2	2	2	2	3	3	3	2	2	1
"1355"	2	2	2	1	1	2	1	1	1	3	1
"1356"	1	1	1	1	2	2	1	1	1	2	1
"1357"	3	4	2	2	3	3	2	2	3	1	1
"1358"	1	2	2	4	1	2	3	2	1	3	1
"1359"	1	1	1	1	1	4	1	1	2	2	1
"1360"	2	1	1	1	2	3	1	1	1	1	1
"1361"	4	4	4	4	4	4	3	3	1	4	1
"1362"	4	2	2	2	1	2	2	2	4	1	1
"1363"	2	2	1	1	3	3	2	3	2	2	1
"1364"	2	2	4	4	2	4	2	2	4	1	1
"1365"	3	2	2	2	2	4	3	3	2	3	1
"1366"	2	1	1	1	1	2	1	1	1	3	1
"1367"	2	2	2	3	1	4	2	2	2	3	1
"1368"	1	4	2	3	1	2	3	4	2	1	1
"1369"	3	1	1	2	1	1	1	1	2	3	1
"1370"	1	2	2	1	2	3	1	1	1	2	1
"1371"	4	4	4	4	2	3	3	3	4	4	1
"1372"	4	4	4	1	2	4	4	4	4	4	1
"1373"	1	2	3	3	1	4	2	3	4	1	1
"1374"	2	2	2	2	1	2	2	2	2	2	1
"1375"	1	2	3	1	1	4	2	2	2	2	1
"1376"	2	1	1	1	1	4	1	1	1	3	1
"1377"	4	4	4	4	4	4	4	4	4	4	1
"1378"	1	1	1	1	1	3	1	1	1	2	1
"1379"	1	1	2	2	1	2	1	1	2	3	1
"1380"	1	2	2	1	1	2	1	2	3	2	1
"1381"	2	1	1	1	2	3	2	1	3	1	1
"1382"	2	3	2	2	1	3	1	2	4	3	1
"1383"	4	2	4	2	2	4	4	4	4	4	1
"1384"	3	3	3	1	2	2	2	2	2	3	1
"1385"	4	4	4	1	4	4	3	4	4	4	1
"1386"	3	3	3	2	1	2	1	2	1	1	1
"1387"	1	2	1	1	3	4	1	1	4	4	1
"1388"	3	3	4	4	4	4	4	3	4	4	1
"1389"	4	2	4	3	1	4	1	2	4	4	1
"1390"	1	1	1	1	2	3	2	1	3	3	1
"1391"	1	1	1	2	2	3	1	1	2	4	1
"1392"	3	2	1	3	4	3	2	3	2	4	1
"1393"	2	2	2	4	4	4	2	3	3	4	1
"1394"	3	3	3	1	3	2	1	2	3	2	1
"1395"	3	3	3	2	3	4	2	2	3	3	1
"1396"	1	2	2	4	2	3	3	3	2	1	1
"1397"	4	3	4	3	3	4	4	4	4	4	1
"1398"	1	1	2	1	3	4	1	2	1	2	1
"1399"	2	2	1	1	2	3	2	1	2	4	1
"1400"	3	1	1	1	1	2	2	3	3	4	1
"1401"	2	2	2	2	3	4	3	3	3	2	1
"1402"	1	1	1	2	2	2	1	1	1	2	1
"1403"	2	3	2	3	2	4	1	2	4	2	1
"1404"	2	3	3	3	4	3	3	4	3	3	1
"1405"	2	2	2	1	1	3	1	2	2	4	1
"1406"	2	3	2	2	2	3	1	1	1	4	1
"1407"	1	1	1	1	1	2	1	1	1	1	1
"1408"	2	4	4	3	2	4	4	4	4	4	1
"1409"	2	1	2	1	2	3	2	2	2	2	1
"1410"	2	1	1	2	1	4	2	2	2	4	1
"1411"	1	1	1	1	1	2	1	1	1	1	1
"1412"	1	1	1	1	1	3	1	1	1	1	1
"1413"	1	2	2	2	1	3	3	3	3	3	1
"1414"	2	3	3	1	1	3	2	2	2	1	1
"1415"	1	2	2	1	2	4	3	2	3	4	1
"1416"	2	1	1	1	1	4	2	2	3	1	1
"1417"	3	2	2	3	1	4	2	2	2	2	1
"1418"	1	1	1	1	2	3	1	1	2	1	1
"1419"	2	2	1	1	2	2	2	1	1	2	1
"1420"	2	1	1	1	1	3	1	2	1	2	1
"1421"	2	2	3	1	1	4	2	1	3	2	1
"1422"	2	3	3	3	2	2	2	2	3	4	1
"1423"	3	2	2	2	2	3	3	2	3	3	1
"1424"	2	1	3	2	3	3	2	3	2	3	1
"1425"	1	1	1	1	1	2	1	1	2	2	1
"1426"	2	1	2	1	1	4	1	1	1	1	1
"1427"	1	2	3	2	2	4	3	3	2	1	1
"1428"	1	1	1	1	1	2	2	1	1	2	1
"1429"	4	3	3	2	2	4	2	4	2	1	1
"1430"	3	3	2	1	1	4	2	1	1	3	1
"1431"	1	1	1	2	1	4	1	1	1	2	1
"1432"	2	1	2	1	1	4	2	2	1	1	1
"1433"	4	4	4	4	3	4	3	3	4	3	1
"1434"	1	1	1	2	1	3	2	2	3	1	1
"1435"	1	2	1	1	2	3	2	2	3	1	1
"1436"	2	2	2	1	2	2	1	1	3	3	1
"1437"	2	4	2	1	4	3	4	4	4	1	1
"1438"	3	2	1	1	1	4	1	1	3	3	1
"1439"	3	2	3	2	3	4	3	3	2	4	1
"1440"	2	1	1	1	1	3	2	2	3	3	1
"1441"	2	1	1	1	3	3	1	2	3	3	1
"1442"	1	1	1	1	1	2	1	1	1	2	1
"1443"	1	1	1	1	1	4	1	2	3	1	1
"1444"	4	3	2	2	3	3	2	2	1	4	1
"1445"	3	3	3	3	3	3	3	3	3	3	1
"1446"	4	4	3	4	2	4	3	2	2	4	1
"1447"	4	1	1	4	4	4	4	4	4	4	1
"1448"	1	1	1	1	1	4	2	1	1	2	1
"1449"	1	2	3	2	3	3	3	2	3	3	1
"1450"	4	3	2	2	4	3	4	3	3	2	1
"1451"	4	2	1	2	1	3	3	2	4	1	1
"1452"	1	1	2	1	3	4	2	2	2	2	1
"1453"	1	1	1	2	4	4	4	4	4	4	1
"1454"	2	3	1	1	3	3	2	2	3	3	1
"1455"	3	3	4	4	4	4	3	1	2	4	1
"1456"	3	3	4	2	3	3	3	3	4	4	1
"1457"	2	4	4	3	4	4	4	3	4	1	1
"1458"	4	3	2	1	2	4	2	3	1	4	1
"1459"	2	3	2	2	2	3	3	3	3	2	1
"1460"	3	2	2	2	3	4	2	2	4	4	1
"1461"	4	4	4	4	3	4	4	4	4	4	1
"1462"	1	1	1	1	1	1	1	1	2	4	1
"1463"	2	2	1	1	4	3	2	2	2	4	1
"1464"	2	2	3	2	3	3	1	2	4	1	1
"1465"	2	2	3	3	2	2	3	3	3	3	1
"1466"	3	4	4	2	3	3	4	4	4	3	1
"1467"	3	3	3	2	2	3	3	3	3	3	1
"1468"	3	3	3	4	4	3	3	3	4	3	1
"1469"	2	1	2	2	1	4	2	2	4	4	1
"1470"	2	2	3	2	3	4	2	3	4	4	1
"1471"	1	1	1	1	1	2	1	1	2	2	1
"1472"	1	2	1	1	1	2	2	1	1	2	1
"1473"	4	4	4	4	3	4	4	4	3	3	1
"1474"	1	1	1	1	1	1	1	1	1	1	1
"1475"	2	2	2	3	2	3	2	3	3	4	1
"1476"	2	3	2	2	2	4	3	3	4	3	1
"1477"	1	1	1	1	2	3	1	2	1	1	1
"1478"	3	3	2	1	1	2	2	2	2	2	1
"1479"	1	1	1	2	2	2	1	1	1	1	1
"1480"	1	1	1	2	1	1	1	2	1	2	1
"1481"	1	2	2	1	1	4	3	1	2	3	1
"1482"	3	3	1	2	1	4	1	1	1	4	1
"1483"	3	3	2	1	1	2	2	2	3	2	1
"1484"	1	4	4	4	4	2	4	4	1	4	1
"1485"	1	4	4	4	2	1	1	4	4	1	1
"1486"	3	1	2	2	2	3	2	1	1	1	1
"1487"	1	2	2	2	2	2	1	1	2	1	1
"1488"	3	3	2	2	2	3	3	3	3	1	1
"1489"	1	1	1	1	2	4	1	1	2	3	1
"1490"	1	1	1	1	1	1	1	1	1	3	1
"1491"	2	3	4	2	4	4	4	2	4	2	1
"1492"	4	4	4	2	2	3	3	3	3	4	1
"1493"	4	4	1	1	2	4	3	4	4	4	1
"1494"	3	4	4	4	3	3	2	3	3	2	1
"1495"	4	3	3	2	2	4	4	3	3	2	1
"1496"	1	1	1	1	1	1	1	1	1	2	1
"1497"	2	2	1	2	1	3	2	3	2	3	1
"1498"	1	2	1	1	1	3	3	2	3	2	1
"1499"	4	4	4	4	4	4	1	1	2	4	1
"1500"	2	1	1	1	1	4	1	1	4	1	1
"1501"	1	1	1	1	1	2	1	1	1	2	1
"1502"	2	1	1	1	1	3	1	1	1	2	1
"1503"	2	2	1	2	2	2	2	2	3	2	1
"1504"	3	2	2	3	2	3	2	2	2	3	1
"1505"	4	4	4	2	2	3	3	2	2	4	1
"1506"	1	2	3	1	1	3	1	2	1	1	1
"1507"	2	1	1	2	2	3	1	2	1	2	1
"1508"	2	4	3	3	2	4	3	3	4	3	1
"1509"	2	2	4	3	3	4	3	3	2	3	1
"1510"	4	4	4	4	1	4	4	4	1	1	1
"1511"	2	3	4	4	2	4	4	3	4	4	1
"1512"	1	1	1	1	1	2	1	1	2	4	1
"1513"	3	3	3	1	3	3	3	4	4	2	1
"1514"	1	2	1	2	1	3	1	1	3	1	1
"1515"	2	2	2	2	2	2	1	2	1	3	1
"1516"	2	2	2	2	1	3	1	1	1	1	1
"1517"	2	2	2	1	1	2	1	1	1	2	1
"1518"	3	1	2	1	2	4	3	2	4	3	1
"1519"	3	2	4	4	2	4	1	1	2	1	1
"1520"	1	2	1	1	2	2	2	1	2	1	1
"1521"	1	2	2	1	1	3	1	1	1	1	1
"1522"	3	3	2	1	1	3	1	1	3	3	1
"1523"	4	4	3	1	1	4	3	4	4	3	1
"1524"	2	2	1	3	4	4	4	4	4	2	1
"1525"	1	1	2	1	2	3	2	2	1	2	1
"1526"	1	1	4	4	4	4	1	4	4	4	1
"1527"	1	1	1	1	1	4	1	1	1	1	1
"1528"	3	4	3	1	2	3	3	4	4	1	1
"1529"	3	1	2	2	1	1	2	2	1	1	1
"1530"	2	1	2	1	1	2	2	1	2	2	1
"1531"	4	4	4	4	4	4	2	4	4	4	1
"1532"	2	3	4	3	3	4	4	4	4	4	1
"1533"	2	1	2	1	2	4	2	2	2	2	1
"1534"	2	1	2	1	1	3	1	1	4	1	1
"1535"	3	4	4	3	3	4	3	3	4	4	1
"1536"	4	4	3	4	4	4	4	4	2	3	1
"1537"	4	4	4	4	4	4	2	4	4	2	1
"1538"	1	1	1	2	1	3	1	2	2	1	1
"1539"	4	4	4	3	2	4	3	3	2	4	1
"1540"	1	1	2	2	1	4	2	1	2	2	1
"1541"	2	2	3	3	3	4	4	4	4	4	1
"1542"	4	3	3	2	3	3	2	2	4	3	1
"1543"	2	2	2	2	2	4	2	2	2	3	1
"1544"	2	1	1	1	1	2	1	1	1	1	1
"1545"	2	2	2	1	2	3	3	2	3	4	1
"1546"	3	1	1	1	1	4	3	3	2	4	1
"1547"	1	1	1	1	2	2	2	4	4	2	1
"1548"	4	3	3	3	3	4	4	4	4	4	1
"1549"	1	4	1	1	1	1	1	1	1	1	1
"1550"	3	3	3	2	4	4	4	4	4	4	1
"1551"	4	4	4	4	3	4	4	4	2	3	1
"1552"	3	2	2	1	1	4	1	2	2	4	1
"1553"	2	4	3	2	4	4	4	3	4	4	1
"1554"	1	4	2	2	1	4	1	1	1	4	1
"1555"	4	1	1	3	2	2	3	2	2	4	1
"1556"	4	4	4	3	4	4	3	3	4	4	1
"1557"	3	2	2	1	3	4	2	2	1	3	1
"1558"	4	4	4	4	4	4	4	4	4	4	1
"1559"	2	2	1	2	1	3	1	2	2	2	1
"1560"	3	2	3	2	4	4	3	3	3	4	1
"1561"	1	1	1	2	2	1	1	2	1	3	1
"1562"	4	3	2	1	2	2	2	2	2	2	1
"1563"	1	1	1	1	1	1	1	1	1	1	1
"1564"	1	1	2	1	3	4	4	4	4	1	1
"1565"	2	3	1	2	3	4	1	2	2	2	1
"1566"	4	3	1	1	1	4	1	3	3	1	1
"1567"	1	4	1	1	4	4	4	4	4	4	1
"1568"	2	1	1	1	2	2	1	1	4	3	1
"1569"	1	1	1	1	1	1	1	4	2	3	1
"1570"	4	4	4	4	4	4	3	4	4	3	1
"1571"	1	1	1	1	1	3	1	1	3	1	1
"1572"	2	2	2	2	2	4	2	3	4	2	1
"1573"	1	1	1	1	2	1	2	1	1	1	1
"1574"	3	1	4	2	3	4	2	1	1	3	1
"1575"	2	1	1	1	2	4	1	1	4	4	1
"1576"	3	2	2	1	1	3	1	2	2	3	1
"1577"	1	1	1	1	3	3	2	1	2	4	1
"1578"	3	3	4	4	4	4	2	3	2	3	1
"1579"	4	4	2	3	2	4	2	2	3	3	1
"1580"	1	1	1	1	1	1	1	1	1	1	1
"1581"	4	2	2	2	3	4	2	2	2	2	1
"1582"	1	1	1	1	1	2	1	1	1	1	1
"1583"	4	4	1	1	2	4	1	2	4	4	1
"1584"	4	4	4	4	4	4	4	4	4	4	1
"1585"	4	3	2	4	3	4	4	2	2	2	1
"1586"	1	1	2	2	1	4	1	1	2	2	1
"1587"	2	3	2	3	3	4	3	2	1	2	1
"1588"	3	3	2	2	1	2	1	1	2	3	1
"1589"	1	1	1	1	1	2	1	1	2	1	1
"1590"	1	1	2	2	1	1	2	1	1	3	1
"1591"	3	2	4	2	2	4	3	3	4	4	1
"1592"	2	3	3	3	1	3	3	2	4	1	1
"1593"	4	4	3	2	2	4	3	4	4	3	1
"1594"	1	2	1	1	1	3	1	1	1	1	1
"1595"	4	4	4	1	1	4	3	1	4	4	1
"1596"	1	4	4	3	2	4	3	2	1	1	1
"1597"	2	2	2	2	2	4	1	1	1	3	1
"1598"	4	4	4	4	1	3	4	3	3	3	1
"1599"	1	1	1	1	1	2	1	1	3	3	1
"1600"	3	3	4	4	4	3	3	3	3	4	1
"1601"	3	4	2	2	1	2	1	1	1	1	1
"1602"	4	4	4	4	4	4	4	4	4	4	1
"1603"	1	1	1	1	2	4	2	2	4	1	1
"1604"	1	1	1	1	1	1	1	1	1	1	1
"1605"	3	3	3	4	2	3	4	3	4	4	1
"1606"	2	2	2	3	2	3	2	2	1	2	1
"1607"	1	1	1	1	2	2	1	2	3	3	1
"1608"	2	2	2	1	2	3	1	1	2	3	1
"1609"	2	3	2	1	1	2	2	2	3	1	1
"1610"	2	2	2	1	3	4	2	3	2	2	1
"1611"	1	4	4	3	2	3	3	4	3	4	1
"1612"	3	4	4	4	4	4	3	3	3	3	1
"1613"	1	1	1	1	1	1	2	1	1	1	1
"1614"	4	2	2	2	4	4	2	3	1	4	1
"1615"	2	2	2	1	1	3	1	1	3	4	1
"1616"	4	3	4	1	1	3	3	2	4	4	1
"1617"	3	2	1	1	1	4	1	3	2	1	1
"1618"	2	3	3	3	2	2	3	3	2	1	1
"1619"	2	1	2	1	3	2	1	3	2	4	1
"1620"	1	1	1	1	1	2	1	2	1	1	1
"1621"	3	4	4	2	4	4	4	4	4	4	1
"1622"	4	2	2	2	2	4	3	3	4	2	1
"1623"	3	3	3	2	3	3	3	2	4	3	1
"1624"	1	3	1	1	1	2	3	3	3	1	1
"1625"	1	1	1	1	1	2	1	1	2	1	1
"1626"	4	4	4	2	4	4	4	4	4	4	1
"1627"	1	3	3	4	4	4	4	4	4	4	1
"1628"	1	1	2	2	1	1	1	1	1	2	1
"1629"	1	2	2	1	1	1	4	3	3	1	1
"1630"	3	3	4	4	3	2	3	4	3	3	1
"1631"	4	3	2	2	2	4	2	4	2	4	1
"1632"	3	2	3	1	1	3	2	1	3	3	1
"1633"	1	2	1	1	4	4	4	3	3	3	1
"1634"	1	2	1	1	1	2	1	1	1	1	1
"1635"	2	1	1	2	4	3	3	3	1	4	1
"1636"	1	1	1	1	4	3	1	1	1	1	1
"1637"	3	3	3	3	3	4	3	3	2	4	1
"1638"	1	2	1	2	1	4	2	1	1	3	1
"1639"	1	2	1	1	2	3	1	1	2	1	1
"1640"	4	4	4	4	4	4	4	4	4	4	1
"1641"	1	1	3	2	2	2	2	1	1	2	1
"1642"	1	2	2	3	1	3	3	2	3	2	1
"1643"	1	1	1	1	2	3	3	2	2	4	1
"1644"	1	1	1	1	3	1	1	1	3	1	1
"1645"	1	1	3	2	2	4	4	4	4	3	1
"1646"	4	4	4	4	4	4	4	4	4	4	1
"1647"	3	2	1	1	1	1	1	1	1	4	1
"1648"	3	2	4	2	4	4	4	4	3	2	1
"1649"	2	1	1	1	1	4	1	1	3	4	1
"1650"	1	3	1	1	1	2	2	2	1	1	1
"1651"	3	3	3	2	2	4	4	2	3	3	1
"1652"	3	4	3	2	1	3	3	3	3	3	1
"1653"	4	4	4	4	4	4	3	4	3	4	1
"1654"	2	2	1	1	1	2	2	1	1	2	1
"1655"	2	1	2	3	3	4	2	1	4	4	1
"1656"	2	2	1	1	3	3	2	3	3	4	1
"1657"	3	2	2	1	1	2	2	1	2	2	1
"1658"	2	1	1	1	2	3	1	2	1	3	1
"1659"	1	1	1	1	2	4	1	1	1	2	1
"1660"	4	2	1	1	1	3	1	1	1	4	1
"1661"	3	3	3	2	3	3	2	4	3	2	1
"1662"	2	3	3	2	2	4	2	3	2	4	1
"1663"	1	1	1	1	2	3	4	4	3	3	1
"1664"	2	2	2	2	2	3	3	2	1	1	1
"1665"	1	1	1	1	1	1	1	1	1	1	1
"1666"	1	4	4	1	1	1	4	4	2	1	1
"1667"	2	1	3	1	1	3	2	2	3	3	1
"1668"	4	4	4	3	3	3	4	4	4	2	1
"1669"	4	4	4	4	3	4	2	4	4	4	1
"1670"	2	1	3	1	2	4	2	2	1	4	1
"1671"	2	1	2	2	3	4	2	1	1	4	1
"1672"	3	3	4	4	4	4	4	4	4	3	1
"1673"	3	3	2	3	2	2	2	2	2	3	1
"1674"	2	2	1	1	2	2	1	1	3	1	1
"1675"	4	4	1	1	1	1	3	3	1	1	1
"1676"	2	1	1	2	4	4	4	3	4	4	1
"1677"	2	2	2	3	4	4	4	4	1	4	1
"1678"	1	3	3	2	2	3	3	3	3	3	1
"1679"	2	3	3	3	3	4	3	3	3	4	1
"1680"	2	3	3	2	1	2	2	4	1	1	1
"1681"	2	1	1	1	1	2	1	1	2	2	1
"1682"	1	2	1	1	1	1	1	1	1	1	1
"1683"	1	3	4	4	4	4	4	4	4	4	1
"1684"	3	2	2	1	2	4	3	3	3	3	1
"1685"	4	4	4	4	4	4	4	4	1	4	1
"1686"	1	1	1	1	1	3	1	2	2	1	1
"1687"	2	2	1	1	4	4	2	4	4	2	1
"1688"	4	3	1	3	3	3	1	1	3	1	1
"1689"	2	2	2	2	2	2	2	2	2	1	1
"1690"	3	3	2	2	2	3	4	4	4	4	1
"1691"	2	2	3	1	2	4	2	2	4	4	1
"1692"	3	3	4	1	4	4	2	2	3	3	1
"1693"	3	4	4	4	3	4	4	4	4	4	1
"1694"	3	4	2	4	1	2	2	4	3	1	1
"1695"	2	2	2	3	1	2	1	3	1	1	1
"1696"	4	4	4	4	4	4	3	3	4	3	1
"1697"	2	3	3	2	4	4	4	3	4	4	1
"1698"	1	1	2	2	1	2	2	1	3	1	1
"1699"	2	4	3	3	3	4	1	2	1	4	1
"1700"	4	3	3	2	2	2	2	2	3	4	1
"1701"	2	3	3	4	2	2	3	3	2	2	1
"1702"	1	1	1	2	1	3	1	1	2	1	1
"1703"	4	1	1	1	1	4	2	1	1	4	1
"1704"	1	1	1	1	2	3	1	1	1	2	1
"1705"	2	2	2	2	2	4	1	1	1	2	1
"1706"	4	3	4	3	3	4	2	3	4	4	1
"1707"	1	3	3	3	3	3	3	2	1	2	1
"1708"	1	1	1	1	1	1	1	1	1	1	1
"1709"	3	4	4	4	3	4	3	3	4	4	1
"1710"	1	2	2	2	1	2	1	1	1	1	1
"1711"	2	2	2	1	2	3	3	2	2	2	1
"1712"	2	2	3	3	4	4	3	3	4	4	1
"1713"	2	2	2	2	2	3	2	2	2	2	1
"1714"	2	2	2	2	2	2	2	2	2	2	1
"1715"	1	2	2	1	1	4	1	1	1	4	1
"1716"	2	4	1	2	2	2	3	2	2	3	1
"1717"	2	1	1	1	1	1	1	1	2	2	1
"1718"	3	2	3	4	1	4	2	2	3	4	1
"1719"	1	2	1	1	1	4	1	1	1	1	1
"1720"	2	1	2	2	1	2	1	1	2	1	1
"1721"	1	1	2	1	3	4	1	2	3	3	1
"1722"	2	3	3	1	1	4	3	2	4	3	1
"1723"	1	1	1	1	1	4	1	2	4	1	1
"1724"	2	2	2	1	4	4	4	4	4	4	1
"1725"	2	2	2	3	3	4	3	3	2	4	1
"1726"	1	1	1	1	1	2	1	2	2	1	1
"1727"	1	1	2	2	1	3	3	2	2	2	1
"1728"	1	1	2	1	1	1	1	2	3	1	1
"1729"	4	4	2	3	4	3	4	4	2	2	1
"1730"	2	2	2	2	2	1	2	2	2	2	1
"1731"	1	2	1	1	1	2	1	1	1	1	1
"1732"	1	1	1	2	2	3	1	1	1	4	1
"1733"	1	1	2	2	1	2	1	1	1	2	1
"1734"	2	1	3	1	1	2	2	1	1	4	1
"1735"	1	3	2	2	3	2	4	4	4	3	1
"1736"	2	4	3	3	4	3	3	3	4	3	1
"1737"	2	2	3	3	3	3	2	2	3	2	1
"1738"	3	3	1	2	1	2	2	2	2	4	1
"1739"	4	2	2	2	3	4	3	4	3	4	1
"1740"	1	1	1	1	1	2	1	1	2	2	1
"1741"	2	2	3	1	4	1	3	4	3	2	1
"1742"	3	3	4	3	4	4	4	4	4	3	1
"1743"	4	4	3	1	2	3	1	2	2	3	1
"1744"	1	2	2	1	1	2	1	1	1	1	1
"1745"	3	1	1	1	2	4	2	2	3	2	1
"1746"	4	4	3	1	4	3	4	4	4	4	1
"1747"	2	1	3	2	4	4	4	4	2	4	1
"1748"	3	3	3	2	1	3	2	2	3	1	1
"1749"	1	1	1	1	1	2	1	1	2	2	1
"1750"	2	3	4	3	2	1	3	3	3	3	1
"1751"	1	3	1	4	4	2	4	4	4	3	1
"1752"	2	2	2	2	2	4	3	2	4	3	1
"1753"	4	4	4	4	3	4	2	4	3	4	1
"1754"	2	2	2	1	2	2	2	2	2	4	1
"1755"	1	2	1	2	1	2	1	2	1	1	1
"1756"	1	1	1	1	1	2	1	1	1	1	1
"1757"	3	3	2	1	2	2	3	3	4	1	1
"1758"	1	1	1	1	3	3	3	3	3	2	1
"1759"	4	2	3	2	3	4	3	3	3	4	1
"1760"	4	3	3	3	3	4	3	3	3	4	1
"1761"	2	2	2	2	2	3	2	2	3	3	1
"1762"	1	1	1	1	1	3	1	1	1	1	1
"1763"	1	1	1	1	1	3	1	1	1	1	1
"1764"	4	4	3	2	4	4	3	3	2	2	1
"1765"	2	2	2	1	1	2	2	2	2	2	1
"1766"	3	4	2	2	2	4	3	2	1	4	1
"1767"	4	4	2	3	3	2	2	4	4	4	1
"1768"	2	1	1	1	1	4	1	1	1	1	1
"1769"	4	4	4	4	4	4	4	4	4	4	1
"1770"	1	1	1	1	1	1	1	1	1	1	1
"1771"	3	2	2	2	2	1	2	3	3	3	1
"1772"	2	2	1	2	2	4	1	4	3	4	1
"1773"	3	3	3	2	1	4	4	3	4	4	1
"1774"	2	3	2	1	3	4	2	3	1	4	1
"1775"	2	3	3	3	2	3	3	3	3	4	1
"1776"	3	2	1	1	1	3	2	2	2	3	1
"1777"	1	2	1	1	3	3	3	1	3	1	1
"1778"	3	2	4	1	3	4	1	2	2	4	1
"1779"	1	1	1	1	2	2	1	1	1	2	1
"1780"	4	2	2	2	2	2	3	2	2	3	1
"1781"	1	2	2	2	2	2	3	2	2	1	1
"1782"	4	2	1	1	2	4	2	3	3	4	1
"1783"	2	1	2	2	1	4	2	2	2	1	1
"1784"	3	2	2	2	2	4	2	2	1	4	1
"1785"	3	3	3	3	3	4	3	4	4	3	1
"1786"	2	2	3	3	2	3	3	2	3	2	1
"1787"	4	4	4	4	4	4	1	4	4	4	1
"1788"	2	2	2	1	2	3	1	1	2	2	1
"1789"	1	1	1	1	1	2	1	2	1	3	1
"1790"	1	1	1	1	1	1	1	1	2	1	1
"1791"	3	3	3	3	2	4	2	2	3	2	1
"1792"	4	4	3	2	2	4	4	4	2	3	1
"1793"	2	3	2	3	2	1	2	4	2	1	1
"1794"	3	3	1	1	2	3	3	3	3	4	1
"1795"	1	2	2	1	1	2	4	3	3	1	1
"1796"	2	1	1	1	1	4	2	2	4	4	1
"1797"	1	2	2	3	3	3	3	3	3	3	1
"1798"	4	4	3	3	3	4	3	4	4	4	1
"1799"	1	1	1	1	1	1	1	1	1	1	1
"1800"	4	2	1	1	1	3	2	2	3	4	1
"1801"	4	4	4	2	4	4	3	4	4	3	1
"1802"	1	2	2	1	3	4	3	3	3	2	1
"1803"	4	3	2	2	3	4	4	4	4	4	1
"1804"	1	1	2	1	1	3	1	1	1	3	1
"1805"	1	1	1	1	2	3	1	2	3	2	1
"1806"	2	2	2	1	3	3	1	2	3	2	1
"1807"	2	1	1	1	1	3	1	1	2	2	1
"1808"	1	1	1	1	1	2	1	1	2	1	1
"1809"	1	1	1	1	1	2	1	1	1	1	1
"1810"	2	1	2	1	1	2	1	1	1	2	1
"1811"	4	4	4	4	4	4	4	4	4	1	1
"1812"	2	2	3	1	2	3	3	3	1	3	1
"1813"	4	2	3	1	3	4	3	3	2	4	1
"1814"	2	2	1	1	1	1	1	1	2	1	1
"1815"	4	3	4	3	3	3	3	4	4	4	1
"1816"	1	1	1	1	1	4	2	2	1	2	1
"1817"	2	3	3	1	4	4	3	3	4	4	1
"1818"	2	2	1	2	2	4	2	1	3	3	1
"1819"	2	4	1	1	1	2	2	2	1	1	1
"1820"	3	2	3	1	2	4	3	3	2	4	1
"1821"	1	2	2	2	3	2	2	2	2	2	1
"1822"	2	3	3	3	3	3	3	3	3	3	1
"1823"	1	1	1	1	1	2	1	1	2	1	1
"1824"	3	2	2	2	2	3	2	2	3	3	1
"1825"	3	4	3	2	3	4	4	3	4	4	1
"1826"	1	2	2	2	2	3	3	3	3	2	1
"1827"	3	3	3	2	3	4	3	3	4	1	1
"1828"	1	1	1	1	1	3	2	3	3	2	1
"1829"	1	1	1	1	1	1	1	1	1	1	1
"1830"	2	1	1	1	1	2	1	1	1	1	1
"1831"	2	2	2	1	1	2	1	1	1	2	1
"1832"	1	2	3	1	3	3	2	3	3	4	1
"1833"	1	1	1	1	1	2	1	1	1	1	1
"1834"	4	4	3	3	4	4	3	2	4	4	1
"1835"	3	3	3	2	3	3	1	3	2	3	1
"1836"	4	4	2	4	2	4	2	2	1	3	1
"1837"	3	3	3	2	2	4	2	2	3	2	1
"1838"	4	2	3	2	1	2	1	2	1	1	1
"1839"	1	4	2	2	4	2	4	4	4	3	1
"1840"	3	1	1	1	2	2	2	1	3	3	1
"1841"	2	1	1	2	2	2	1	2	1	4	1
"1842"	4	4	3	1	2	4	2	2	3	4	1
"1843"	2	1	1	1	2	2	1	2	2	2	1
"1844"	1	2	1	3	2	1	2	2	1	3	1
"1845"	3	2	2	2	2	3	1	1	2	2	1
"1846"	2	1	1	1	1	2	1	1	1	1	1
"1847"	2	3	3	3	3	3	3	3	3	3	1
"1848"	2	1	1	1	4	4	4	1	1	1	1
"1849"	3	3	2	3	2	3	3	3	1	3	1
"1850"	2	2	2	1	1	1	1	2	1	1	1
"1851"	1	2	1	1	1	2	1	1	1	3	1
"1852"	4	1	2	1	2	3	2	2	3	4	1
"1853"	1	1	2	1	1	2	1	1	1	2	1
"1854"	1	2	1	1	2	2	1	1	3	2	1
"1855"	2	2	3	3	1	3	2	2	2	4	1
"1856"	3	3	3	3	2	3	3	2	3	4	1
"1857"	4	2	4	2	2	4	2	2	2	4	1
"1858"	3	2	2	1	2	4	1	1	1	4	1
"1859"	4	4	4	3	2	4	4	4	3	4	1
"1860"	3	1	3	1	3	3	1	1	2	2	1
"1861"	1	1	1	1	1	2	1	1	1	1	1
"1862"	1	1	1	1	1	2	1	1	1	1	1
"1863"	2	3	3	2	3	4	3	4	3	2	1
"1864"	2	2	2	2	1	1	1	1	1	1	1
"1865"	3	3	4	4	4	4	4	4	3	4	1
"1866"	1	1	1	1	1	2	1	1	1	1	1
"1867"	2	3	3	2	4	4	2	3	3	2	1
"1868"	2	2	2	2	1	3	1	1	2	3	1
"1869"	2	2	2	1	3	4	4	3	3	3	1
"1870"	2	1	2	1	1	4	1	1	1	2	1
"1871"	3	3	3	3	3	4	2	2	3	4	1
"1872"	1	3	3	3	3	3	3	3	3	1	1
"1873"	2	3	2	2	1	2	2	3	4	3	1
"1874"	1	1	1	1	1	2	1	1	1	1	1
"1875"	1	1	2	1	4	3	2	2	2	2	1
"1876"	2	1	1	1	1	3	1	1	2	2	1
"1877"	2	1	1	3	2	4	2	1	2	1	1
"1878"	3	3	3	3	3	3	3	3	3	3	1
"1879"	2	2	1	1	1	2	3	2	1	2	1
"1880"	2	3	2	2	1	2	1	2	3	1	1
"1881"	2	3	1	1	1	3	3	2	3	2	1
"1882"	4	4	4	4	1	4	3	4	4	4	1
"1883"	1	2	3	2	1	4	4	4	4	4	1
"1884"	2	2	2	2	1	3	2	2	1	2	1
"1885"	1	1	1	2	2	3	3	3	2	2	1
"1886"	3	2	3	2	3	4	2	3	1	4	1
"1887"	4	4	4	3	4	4	4	4	4	4	1
"1888"	4	4	1	1	4	4	4	4	3	3	1
"1889"	2	2	1	1	1	2	2	1	2	1	1
"1890"	2	3	2	2	2	3	2	3	2	4	1
"1891"	1	2	2	1	1	2	4	2	2	2	1
"1892"	3	3	2	2	3	3	2	3	3	3	1
"1893"	1	2	1	3	1	4	2	2	3	4	1
"1894"	2	2	2	2	1	3	1	2	1	1	1
"1895"	3	3	3	2	3	3	4	4	3	2	1
"1896"	3	2	2	3	3	3	3	4	4	3	1
"1897"	1	2	4	2	3	4	4	4	3	1	1
"1898"	4	4	4	4	4	4	4	4	4	2	1
"1899"	4	4	4	4	4	4	4	4	3	4	1
"1900"	3	4	4	2	3	3	2	3	4	2	1
"1901"	4	4	2	1	2	4	2	2	2	4	1
"1902"	1	1	1	1	1	1	1	1	1	4	1
"1903"	2	3	3	3	3	4	3	4	4	4	1
"1904"	3	2	2	3	2	2	3	2	2	3	1
"1905"	3	4	4	3	3	3	2	4	3	4	1
"1906"	3	3	4	1	3	3	3	2	4	4	1
"1907"	3	3	2	2	3	4	1	2	4	4	1
"1908"	4	4	4	4	4	4	4	4	4	4	1
"1909"	2	1	1	1	1	2	1	2	1	1	1
"1910"	2	3	1	2	2	3	2	4	3	3	1
"1911"	1	1	1	1	1	1	1	1	1	4	1
"1912"	2	2	2	2	1	3	3	2	3	1	1
"1913"	4	4	2	2	3	4	2	4	2	4	1
"1914"	1	1	1	1	1	1	1	2	2	1	1
"1915"	3	3	3	3	3	3	1	2	2	1	1
"1916"	4	4	4	4	4	4	4	4	4	4	1
"1917"	3	3	2	1	4	4	2	3	3	4	1
"1918"	1	1	4	1	4	4	1	2	1	1	1
"1919"	4	4	2	4	3	4	1	1	3	3	1
"1920"	2	1	1	1	4	4	1	2	1	3	1
"1921"	2	3	2	1	1	2	1	2	3	2	1
"1922"	1	4	3	2	1	3	3	4	4	1	1
"1923"	4	3	3	2	2	4	4	3	3	2	1
"1924"	3	3	3	1	2	4	1	2	2	4	1
"1925"	1	1	1	1	1	3	1	1	2	1	1
"1926"	4	3	3	2	4	4	2	4	4	3	1
"1927"	3	2	2	1	2	4	1	1	4	4	1
"1928"	4	3	4	4	4	4	3	3	2	4	1
"1929"	4	4	4	1	1	4	2	2	1	4	1
"1930"	2	1	2	2	1	1	1	1	2	3	1
"1931"	4	4	2	4	4	4	4	4	4	4	1
"1932"	3	1	2	1	1	4	1	1	3	4	1
"1933"	2	1	1	1	2	3	2	1	1	3	1
"1934"	1	2	3	1	2	4	1	2	4	1	1
"1935"	3	2	2	1	1	4	1	3	1	4	1
"1936"	4	4	4	3	2	4	3	3	4	4	1
"1937"	3	2	3	4	2	4	2	2	3	3	1
"1938"	2	1	2	1	2	4	2	2	1	3	1
"1939"	1	1	2	1	2	3	1	1	3	1	1
"1940"	1	3	2	1	4	4	2	1	3	4	1
"1941"	2	1	1	1	1	2	1	1	1	1	1
"1942"	3	4	4	3	3	4	3	3	4	2	1
"1943"	1	1	1	1	3	4	2	2	3	2	1
"1944"	2	4	2	2	4	2	4	2	2	2	1
"1945"	4	1	3	4	4	4	3	3	1	4	1
"1946"	4	3	3	2	3	4	4	3	3	3	1
"1947"	4	4	4	4	4	2	4	3	4	3	1
"1948"	2	2	3	3	4	4	4	4	4	4	1
"1949"	2	2	1	1	1	3	1	2	1	3	1
"1950"	1	1	2	1	1	2	1	2	1	1	1
"1951"	1	1	1	1	1	2	1	1	1	3	1
"1952"	1	2	4	2	4	4	4	4	4	2	1
"1953"	2	3	4	3	4	4	4	4	4	3	1
"1954"	2	2	1	1	1	2	1	1	1	1	1
"1955"	4	4	4	4	4	4	2	4	4	4	1
"1956"	3	3	4	2	2	3	3	2	2	2	1
"1957"	2	3	3	2	1	2	2	2	3	2	1
"1958"	1	1	1	1	2	3	1	2	2	2	1
"1959"	1	3	3	2	2	4	3	4	4	1	1
"1960"	1	1	1	1	1	1	1	1	1	1	1
"1961"	1	1	1	1	2	3	3	3	4	2	1
"1962"	4	1	3	4	2	4	1	2	1	4	1
"1963"	1	1	1	1	4	4	2	3	4	3	1
"1964"	3	3	3	3	4	4	4	4	4	4	1
"1965"	1	1	1	1	1	2	1	1	1	2	1
"1966"	1	1	1	2	2	2	1	2	2	4	1
"1967"	2	3	1	1	1	4	3	4	3	4	1
"1968"	1	1	2	1	2	3	1	1	1	1	1
"1969"	2	1	1	1	2	2	2	2	4	1	1
"1970"	2	2	2	2	2	3	3	3	2	4	1
"1971"	2	1	1	2	2	1	1	1	3	1	1
"1972"	1	2	2	1	4	3	2	2	2	4	1
"1973"	1	2	2	2	3	3	2	2	3	3	1
"1974"	2	1	2	2	2	3	1	1	1	3	1
"1975"	1	3	3	3	4	3	4	4	3	2	1
"1976"	2	2	2	2	3	4	3	3	3	2	1
"1977"	4	4	4	4	4	4	3	3	2	3	1
"1978"	4	4	4	4	4	4	3	4	4	2	1
"1979"	1	2	3	3	3	3	3	3	2	1	1
"1980"	4	3	2	3	2	3	2	2	2	4	1
"1981"	2	2	2	2	2	3	3	3	3	3	1
"1982"	4	3	3	2	2	4	3	3	4	4	1
"1983"	2	2	2	2	2	2	1	2	1	1	1
"1984"	2	1	1	1	2	2	2	2	2	1	1
"1985"	3	3	2	1	4	4	3	4	4	3	1
"1986"	2	2	2	1	3	2	2	1	2	1	1
"1987"	3	1	2	1	2	3	1	2	2	4	1
"1988"	4	4	4	3	2	3	1	2	3	4	1
"1989"	3	2	3	2	2	4	1	1	3	4	1
"1990"	1	2	2	1	2	2	1	2	2	2	1
"1991"	1	1	1	1	1	2	1	1	3	2	1
"1992"	2	2	2	2	2	4	2	2	4	3	1
"1993"	4	4	3	1	4	4	4	4	3	4	1
"1994"	1	3	1	1	1	2	1	1	1	2	1
"1995"	2	2	3	3	2	3	1	1	1	2	1
"1996"	4	2	4	2	4	4	2	3	4	4	1
"1997"	3	4	4	4	3	2	4	4	4	3	1
"1998"	2	3	3	3	2	3	4	4	4	1	1
"1999"	2	2	3	2	3	4	3	3	4	2	1
"2000"	4	4	4	4	4	4	4	4	4	4	1
"2001"	2	1	2	1	1	4	1	1	1	1	1
"2002"	2	2	1	1	2	2	2	2	1	2	1
"2003"	1	1	1	1	1	2	2	1	2	1	1
"2004"	2	2	2	2	2	4	1	2	1	3	1
"2005"	4	4	4	4	4	4	4	4	4	4	1
"2006"	1	1	2	1	1	1	1	2	1	2	1
"2007"	4	3	3	2	1	4	3	3	4	1	1
"2008"	1	2	3	4	4	4	3	2	1	1	1
"2009"	3	2	2	2	2	3	2	2	3	2	1
"2010"	2	2	1	1	2	2	2	1	3	3	1
"2011"	4	4	4	4	3	4	4	3	4	3	1
"2012"	4	2	2	1	1	3	1	1	3	2	1
"2013"	3	2	3	1	3	3	3	3	3	3	1
"2014"	2	1	2	1	2	1	1	1	1	1	1
"2015"	2	3	3	1	1	3	2	2	3	4	1
"2016"	3	3	2	2	2	3	3	2	2	3	1
"2017"	4	4	2	2	1	3	1	2	1	1	1
"2018"	2	2	2	1	3	4	4	2	4	3	1
"2019"	3	3	4	4	3	3	2	2	3	1	1
"2020"	2	2	2	3	3	3	2	3	2	1	1
"2021"	4	2	2	1	2	2	2	2	2	1	1
"2022"	1	2	2	1	1	4	1	2	1	2	1
"2023"	3	3	3	3	2	3	3	2	2	2	1
"2024"	3	3	3	2	2	4	2	3	1	1	1
"2025"	4	3	4	3	4	2	4	3	4	4	1
"2026"	1	1	2	1	1	2	2	1	1	2	1
"2027"	2	2	2	2	1	3	1	1	1	2	1
"2028"	2	3	1	2	3	4	3	1	4	2	1
"2029"	3	2	1	1	3	3	2	2	1	3	1
"2030"	4	4	4	1	1	4	1	2	2	1	1
"2031"	3	3	3	4	1	3	2	2	2	2	1
"2032"	1	2	2	3	1	3	2	2	3	1	1
"2033"	3	3	3	3	2	4	2	2	2	3	1
"2034"	4	1	1	1	1	2	1	1	1	1	1
"2035"	2	2	2	3	2	3	4	3	3	3	1
"2036"	1	1	2	2	1	2	1	1	1	2	1
"2037"	1	1	1	1	3	1	1	2	1	1	1
"2038"	3	4	2	2	3	3	2	3	3	4	1
"2039"	3	2	1	1	1	2	1	1	1	3	1
"2040"	3	3	3	4	4	4	3	4	4	3	1
"2041"	2	2	2	2	2	2	1	1	2	1	1
"2042"	1	1	1	1	1	2	1	1	1	2	1
"2043"	2	2	1	1	3	4	3	4	4	2	1
"2044"	2	1	1	1	1	2	1	1	2	2	1
"2045"	4	2	2	3	3	4	2	2	3	2	1
"2046"	1	1	2	2	2	2	1	1	1	2	1
"2047"	2	2	2	2	2	3	2	3	2	3	1
"2048"	2	2	2	2	2	2	2	2	1	3	1
"2049"	3	3	3	3	4	4	4	4	4	2	1
"2050"	1	2	2	1	1	3	2	2	1	1	1
"2051"	4	4	4	4	3	3	4	4	3	2	1
"2052"	2	2	4	2	1	4	3	3	4	4	1
"2053"	2	2	3	2	1	3	2	1	1	3	1
"2054"	2	2	2	2	1	3	3	3	3	3	1
"2055"	2	3	2	2	2	4	4	3	4	4	1
"2056"	1	1	3	2	2	3	2	4	4	4	1
"2057"	1	1	2	2	3	2	3	2	1	3	1
"2058"	4	4	4	4	4	4	4	3	4	3	1
"2059"	3	1	2	2	3	3	1	1	3	4	1
"2060"	1	2	1	2	2	3	2	2	1	3	1
"2061"	2	4	3	4	2	2	2	2	2	4	1
"2062"	4	3	1	2	4	4	2	2	1	3	1
"2063"	4	4	3	1	2	4	2	2	2	1	1
"2064"	3	3	3	4	4	2	4	4	2	3	1
"2065"	2	4	3	2	3	4	2	3	3	4	1
"2066"	4	4	4	3	2	4	3	2	3	4	1
"2067"	2	2	2	1	1	2	1	1	2	3	1
"2068"	4	3	4	3	1	4	3	3	3	4	1
"2069"	2	3	1	1	1	2	3	4	4	1	1
"2070"	3	4	3	3	2	2	3	3	3	3	1
"2071"	2	3	2	2	1	3	1	1	2	1	1
"2072"	2	1	2	2	4	4	1	4	4	4	1
"2073"	3	4	3	1	2	4	3	2	1	4	1
"2074"	3	3	3	2	2	2	2	1	3	2	1
"2075"	4	4	4	4	3	4	4	4	4	3	1
"2076"	1	1	1	1	4	4	4	4	4	4	1
"2077"	1	1	1	1	3	3	2	2	2	1	1
"2078"	1	1	2	1	2	3	1	1	1	3	1
"2079"	2	2	4	2	2	3	2	3	4	4	1
"2080"	2	2	1	1	1	2	2	2	2	2	1
"2081"	3	3	3	2	3	4	3	2	3	4	1
"2082"	4	4	4	3	3	3	4	4	4	4	1
"2083"	3	4	4	3	4	4	2	4	1	3	1
"2084"	2	1	1	1	2	2	4	3	2	1	1
"2085"	2	4	4	4	3	4	3	4	4	4	1
"2086"	1	1	1	1	1	3	1	1	1	2	1
"2087"	4	2	3	1	2	1	1	2	1	1	1
"2088"	2	4	3	3	4	4	4	4	4	1	1
"2089"	3	3	2	1	3	2	2	2	3	3	1
"2090"	1	3	1	1	3	4	3	3	2	1	1
"2091"	4	3	2	3	3	4	4	4	4	4	1
"2092"	2	1	2	2	2	3	2	2	2	2	1
"2093"	4	2	2	3	2	4	2	3	3	4	1
"2094"	3	2	2	2	1	4	1	1	3	4	1
"2095"	2	2	2	1	1	4	1	2	3	1	1
"2096"	4	2	2	1	1	4	3	1	1	1	1
"2097"	2	3	2	2	1	4	2	3	2	1	1
"2098"	3	2	3	1	1	2	1	2	3	3	1
"2099"	4	4	4	4	2	4	3	2	3	2	1
"2100"	2	3	3	1	4	2	4	3	4	4	1
"2101"	1	1	1	1	1	3	2	2	1	1	1
"2102"	2	3	3	2	3	3	2	2	1	2	1
"2103"	1	3	2	2	1	4	4	2	2	1	1
"2104"	1	2	2	1	2	4	2	1	4	2	1
"2105"	3	3	4	3	4	4	4	4	4	3	1
"2106"	3	2	1	1	2	1	1	1	1	1	1
"2107"	2	1	1	2	1	3	2	3	3	3	1
"2108"	3	3	4	4	2	4	3	3	1	1	1
"2109"	3	2	3	3	1	4	1	3	4	4	1
"2110"	3	2	2	1	2	3	2	2	4	3	1
"2111"	3	4	4	3	4	4	3	3	1	3	1
"2112"	3	2	3	2	3	4	4	3	3	2	1
"2113"	2	2	2	1	2	3	2	1	1	4	1
"2114"	4	3	3	3	1	4	3	2	1	3	1
"2115"	3	4	2	3	4	4	4	4	4	4	1
"2116"	4	3	2	1	2	3	2	2	1	4	1
"2117"	2	3	4	3	4	4	4	4	4	4	1
"2118"	3	3	2	2	1	2	1	2	1	4	1
"2119"	3	4	3	2	4	3	2	2	3	4	1
"2120"	2	1	3	1	2	3	1	3	3	2	1
"2121"	1	3	3	1	3	4	3	3	4	1	1
"2122"	2	2	1	2	1	2	1	1	1	1	1
"2123"	1	1	1	1	1	2	1	1	2	1	1
"2124"	2	2	3	3	3	3	3	3	3	4	1
"2125"	2	2	2	2	2	3	2	2	2	2	1
"2126"	3	3	3	1	2	4	2	3	2	3	1
"2127"	3	4	2	3	3	3	3	3	3	2	1
"2128"	1	1	2	1	1	4	1	1	3	3	1
"2129"	1	1	1	1	1	4	1	1	1	1	1
"2130"	3	2	2	1	4	4	4	3	1	4	1
"2131"	3	3	2	2	2	4	1	2	3	4	1
"2132"	4	4	4	4	4	4	4	4	4	4	1
"2133"	2	1	2	2	1	3	1	1	1	1	1
"2134"	4	2	2	1	1	1	2	2	2	2	1
"2135"	2	1	1	1	1	3	1	1	2	1	1
"2136"	4	4	4	4	4	4	4	4	4	4	1
"2137"	3	3	3	2	2	3	2	3	3	4	1
"2138"	4	3	3	3	1	4	2	2	1	3	1
"2139"	4	4	4	4	4	4	4	4	4	4	1
"2140"	4	4	2	1	3	4	4	4	4	2	1
"2141"	2	2	2	3	2	2	4	2	2	1	1
"2142"	2	3	2	1	1	3	1	2	3	1	1
"2143"	1	1	1	1	1	2	1	1	1	1	1
"2144"	2	4	3	3	4	4	4	2	3	4	1
"2145"	3	3	4	3	4	4	3	4	3	4	1
"2146"	1	1	1	1	1	1	1	1	1	1	1
"2147"	1	1	1	1	1	2	1	1	1	2	1
"2148"	3	2	3	4	4	4	4	4	4	4	1
"2149"	1	1	1	1	1	2	1	1	1	1	1
"2150"	3	2	2	1	4	4	2	3	2	2	1
"2151"	4	4	4	3	3	3	4	4	4	4	1
"2152"	2	4	2	2	1	3	1	2	2	4	1
"2153"	1	1	3	2	2	3	1	3	2	4	1
"2154"	4	4	4	4	2	4	3	2	2	2	1
"2155"	3	2	2	2	4	4	4	4	4	2	1
"2156"	2	1	2	1	2	3	2	2	2	1	1
"2157"	3	2	1	2	3	4	3	3	3	4	1
"2158"	2	2	2	1	2	4	2	2	4	4	1
"2159"	3	2	2	3	4	3	3	2	2	4	1
"2160"	2	3	3	1	1	4	2	1	3	3	1
"2161"	1	1	1	1	1	2	1	2	1	1	1
"2162"	2	1	1	1	1	2	2	1	2	2	1
"2163"	4	4	4	1	4	4	4	4	1	4	1
"2164"	3	3	2	2	4	4	2	3	2	4	1
"2165"	2	1	1	2	1	3	2	2	1	1	1
"2166"	2	2	2	1	2	4	3	3	4	1	1
"2167"	2	3	3	4	1	4	2	4	4	4	1
"2168"	1	1	1	2	1	3	1	1	1	2	1
"2169"	2	3	3	1	1	3	2	3	4	3	1
"2170"	2	2	2	1	2	2	2	2	3	3	1
"2171"	3	4	4	3	4	4	4	4	4	4	1
"2172"	3	3	3	2	4	4	3	3	4	4	1
"2173"	4	3	2	2	2	2	3	3	4	3	1
"2174"	1	1	1	1	2	3	2	1	2	3	1
"2175"	1	2	2	2	2	2	2	2	2	2	1
"2176"	1	1	1	1	1	2	1	1	2	2	1
"2177"	2	3	3	2	2	4	2	2	3	4	1
"2178"	3	2	1	4	2	4	4	4	4	4	1
"2179"	4	4	4	4	4	4	4	4	4	2	1
"2180"	2	1	1	1	1	2	1	1	2	2	1
"2181"	3	3	3	2	3	2	3	2	2	3	1
"2182"	3	3	3	3	3	3	3	3	3	3	1
"2183"	4	3	2	1	2	3	3	3	3	1	1
"2184"	1	1	1	1	1	2	1	1	2	4	1
"2185"	3	3	4	3	3	4	4	3	3	2	1
"2186"	1	2	4	3	1	1	1	1	1	1	1
"2187"	4	3	3	2	4	4	2	3	1	4	1
"2188"	1	3	2	2	1	2	1	3	2	1	1
"2189"	1	3	3	4	4	4	4	3	4	2	1
"2190"	2	2	2	1	3	4	3	3	4	2	1
"2191"	2	2	3	3	2	4	3	3	4	2	1
"2192"	2	1	2	1	1	2	1	1	2	1	1
"2193"	2	1	2	1	1	4	1	1	3	2	1
"2194"	1	2	2	2	4	4	4	4	4	4	1
"2195"	1	2	2	2	2	3	1	1	2	2	1
"2196"	4	4	4	4	2	3	4	3	4	1	1
"2197"	2	1	1	2	1	2	1	2	1	2	1
"2198"	4	4	4	3	3	4	4	4	4	3	1
"2199"	2	1	2	1	1	2	2	1	1	1	1
"2200"	3	2	2	2	2	4	2	3	3	3	1
"2201"	1	1	1	1	1	2	1	1	1	1	2
"2202"	2	1	1	1	2	4	1	1	4	2	2
"2203"	2	1	1	1	1	2	2	1	1	1	2
"2204"	2	1	1	1	2	4	1	1	1	1	2
"2205"	4	3	3	2	4	4	4	4	4	4	2
"2206"	1	1	1	1	1	2	1	1	1	1	2
"2207"	2	1	2	1	3	4	1	2	2	2	2
"2208"	4	3	4	3	3	4	2	3	1	4	2
"2209"	3	3	3	3	4	4	4	3	3	3	2
"2210"	1	3	3	2	4	3	2	4	4	2	2
"2211"	3	2	2	1	4	4	3	4	4	1	2
"2212"	2	1	1	1	3	4	2	3	4	4	2
"2213"	2	1	1	1	1	3	2	2	1	1	2
"2214"	2	3	4	4	4	4	3	4	3	2	2
"2215"	2	4	2	4	2	2	1	1	4	4	2
"2216"	2	2	1	1	1	3	1	1	1	1	2
"2217"	1	1	1	1	1	3	1	1	1	3	2
"2218"	3	2	1	1	4	4	2	3	2	3	2
"2219"	2	2	2	2	3	3	3	3	3	2	2
"2220"	1	1	2	1	3	4	1	2	1	1	2
"2221"	1	1	2	1	1	4	4	2	4	4	2
"2222"	3	3	4	4	4	4	4	4	4	3	2
"2223"	1	1	1	1	1	2	1	1	1	1	2
"2224"	2	4	2	2	2	4	2	3	1	1	2
"2225"	1	1	2	1	1	4	2	2	1	1	2
"2226"	2	2	2	1	2	4	2	2	2	2	2
"2227"	3	2	3	2	2	4	2	3	4	4	2
"2228"	2	1	1	1	1	1	2	1	1	1	2
"2229"	4	3	4	4	4	4	4	4	4	4	2
"2230"	1	1	2	1	2	2	1	1	2	2	2
"2231"	1	1	1	1	2	2	1	1	1	1	2
"2232"	1	3	2	1	2	4	2	2	4	2	2
"2233"	2	2	1	1	1	2	1	1	2	1	2
"2234"	3	3	4	2	2	4	4	4	4	2	2
"2235"	2	3	4	3	4	4	3	4	4	2	2
"2236"	2	1	1	2	1	2	2	1	2	1	2
"2237"	2	2	2	3	2	3	3	2	4	1	2
"2238"	2	1	1	1	1	2	1	1	1	1	2
"2239"	1	1	1	1	1	4	1	1	1	1	2
"2240"	4	2	3	2	4	2	3	3	3	3	2
"2241"	1	3	3	2	2	4	2	2	2	1	2
"2242"	1	1	1	1	1	2	1	1	1	1	2
"2243"	3	4	4	4	4	4	3	3	3	3	2
"2244"	2	3	3	2	2	4	4	3	4	2	2
"2245"	2	1	2	2	1	2	2	2	2	1	2
"2246"	3	2	3	2	4	3	3	3	3	3	2
"2247"	2	1	1	3	1	2	1	1	1	3	2
"2248"	3	1	1	3	3	1	1	4	2	1	2
"2249"	4	4	3	4	2	4	2	2	2	4	2
"2250"	3	3	2	3	2	3	3	4	4	4	2
"2251"	2	2	2	3	2	2	2	3	2	2	2
"2252"	1	1	1	1	4	4	4	4	4	3	2
"2253"	3	3	4	2	4	3	2	3	2	4	2
"2254"	2	1	1	1	2	3	1	2	3	1	2
"2255"	3	2	2	2	3	3	2	2	2	3	2
"2256"	2	3	3	2	1	4	1	2	1	1	2
"2257"	1	2	3	1	2	4	2	4	4	3	2
"2258"	2	2	3	3	4	4	3	2	4	1	2
"2259"	4	4	4	4	2	3	4	4	4	3	2
"2260"	1	1	1	1	1	4	1	3	4	2	2
"2261"	3	2	1	2	1	4	2	1	2	4	2
"2262"	4	4	4	4	4	4	4	4	4	4	2
"2263"	4	2	2	1	1	4	2	3	1	1	2
"2264"	3	2	1	1	2	2	4	1	2	1	2
"2265"	4	4	4	1	4	4	2	4	4	4	2
"2266"	2	2	3	3	2	3	2	2	2	3	2
"2267"	4	3	2	2	2	3	2	3	3	4	2
"2268"	2	2	4	2	2	4	3	3	3	3	2
"2269"	3	3	3	1	3	4	4	2	1	4	2
"2270"	2	1	2	3	1	2	1	2	4	1	2
"2271"	2	2	3	1	2	4	2	3	4	4	2
"2272"	2	1	1	2	2	2	1	1	1	2	2
"2273"	2	3	2	2	3	2	3	3	3	2	2
"2274"	4	3	2	1	2	4	2	1	1	4	2
"2275"	4	4	3	2	4	2	4	4	3	2	2
"2276"	2	2	3	2	2	4	2	3	2	4	2
"2277"	4	4	4	4	4	4	4	4	4	4	2
"2278"	4	3	4	2	4	4	3	4	4	4	2
"2279"	2	1	1	1	1	3	1	1	3	2	2
"2280"	1	1	2	2	2	3	1	2	3	1	2
"2281"	1	2	2	1	3	3	3	2	2	2	2
"2282"	3	3	3	2	2	4	2	1	1	3	2
"2283"	4	4	2	2	2	4	2	3	3	4	2
"2284"	1	1	1	1	1	1	1	1	1	1	2
"2285"	1	2	3	2	4	4	3	3	2	3	2
"2286"	3	3	2	3	1	3	1	1	3	1	2
"2287"	4	4	3	3	4	4	2	4	3	3	2
"2288"	2	3	4	4	2	3	3	3	3	3	2
"2289"	2	2	2	3	2	4	3	2	4	1	2
"2290"	1	1	1	1	1	2	2	1	1	1	2
"2291"	2	1	4	3	3	4	1	1	1	3	2
"2292"	1	2	1	1	1	1	1	1	1	1	2
"2293"	1	1	4	1	3	4	2	3	1	4	2
"2294"	2	3	3	3	3	3	3	3	3	3	2
"2295"	2	2	3	1	2	4	2	2	2	3	2
"2296"	1	1	1	1	1	4	1	2	4	2	2
"2297"	1	1	2	2	2	2	3	2	3	1	2
"2298"	1	1	2	1	4	4	4	3	1	1	2
"2299"	4	2	2	1	4	4	3	3	1	1	2
"2300"	4	3	1	4	4	3	3	3	3	2	2
"2301"	4	4	4	4	4	4	4	4	4	4	2
"2302"	1	1	1	1	1	1	1	1	1	1	2
"2303"	2	2	4	4	1	3	1	1	3	1	2
"2304"	3	3	3	3	2	4	1	2	3	4	2
"2305"	2	2	1	1	1	2	1	2	2	3	2
"2306"	2	2	3	3	3	3	3	3	3	4	2
"2307"	4	4	4	4	3	4	4	1	2	3	2
"2308"	4	4	3	2	2	4	3	2	4	4	2
"2309"	1	1	1	1	4	4	1	3	3	1	2
"2310"	2	1	2	1	3	4	2	2	3	3	2
"2311"	4	4	4	4	3	4	4	4	4	4	2
"2312"	1	1	2	2	1	1	1	1	1	2	2
"2313"	1	1	2	1	2	2	1	1	1	1	2
"2314"	3	4	3	3	4	4	4	4	4	3	2
"2315"	2	3	4	4	4	4	3	3	2	2	2
"2316"	1	1	1	1	1	4	1	2	1	3	2
"2317"	2	1	2	2	2	4	2	2	3	2	2
"2318"	4	4	2	2	1	3	2	3	4	2	2
"2319"	4	4	4	3	4	4	4	4	4	4	2
"2320"	2	1	1	1	1	1	1	1	1	1	2
"2321"	4	1	3	1	2	4	3	3	1	3	2
"2322"	4	4	4	4	4	4	3	4	4	4	2
"2323"	4	3	3	4	3	4	3	4	3	3	2
"2324"	3	3	2	2	4	4	3	4	3	3	2
"2325"	4	4	4	2	4	4	3	3	3	4	2
"2326"	3	3	3	3	4	4	3	3	3	4	2
"2327"	2	3	3	2	4	4	2	3	4	4	2
"2328"	4	3	4	3	4	4	4	4	4	4	2
"2329"	2	2	4	4	3	4	1	2	2	1	2
"2330"	4	4	4	3	4	4	3	4	4	4	2
"2331"	2	1	1	1	3	3	1	1	1	2	2
"2332"	1	1	1	1	1	2	2	1	3	1	2
"2333"	4	4	4	4	4	4	4	4	4	4	2
"2334"	1	2	1	2	3	1	2	3	3	2	2
"2335"	1	1	2	1	3	3	2	2	2	1	2
"2336"	2	2	1	2	2	2	2	2	3	1	2
"2337"	4	4	3	2	3	3	4	2	3	4	2
"2338"	1	1	1	2	1	2	1	1	2	1	2
"2339"	1	1	1	1	2	3	1	1	1	1	2
"2340"	3	3	4	4	3	4	4	4	4	4	2
"2341"	4	1	1	1	4	4	1	2	1	4	2
"2342"	2	2	3	3	3	3	1	2	3	2	2
"2343"	2	1	2	1	1	3	1	1	2	4	2
"2344"	2	2	4	2	4	4	1	3	3	1	2
"2345"	2	2	2	1	1	2	3	3	4	3	2
"2346"	2	2	1	1	1	4	1	3	2	2	2
"2347"	3	2	2	2	4	3	3	3	2	2	2
"2348"	4	4	3	3	3	4	2	2	2	4	2
"2349"	4	4	2	4	4	4	4	4	4	3	2
"2350"	1	1	1	1	1	2	1	1	1	1	2
"2351"	4	4	2	2	2	4	2	3	1	4	2
"2352"	4	2	4	1	4	4	4	3	1	3	2
"2353"	3	3	3	3	3	3	3	3	3	3	2
"2354"	1	1	1	1	2	1	1	1	1	4	2
"2355"	1	1	1	1	1	2	1	1	1	1	2
"2356"	4	4	3	3	3	3	2	3	1	4	2
"2357"	2	1	1	1	1	3	2	2	3	2	2
"2358"	1	1	1	1	1	2	1	1	1	1	2
"2359"	3	3	3	2	2	4	4	2	4	3	2
"2360"	3	3	4	3	2	3	1	1	3	4	2
"2361"	4	4	4	4	4	4	4	4	4	4	2
"2362"	1	1	3	1	1	4	1	3	1	2	2
"2363"	2	2	1	2	2	2	1	3	2	3	2
"2364"	1	1	1	1	1	2	1	1	2	2	2
"2365"	4	4	4	2	4	4	3	4	4	1	2
"2366"	3	2	1	2	2	1	2	2	1	3	2
"2367"	2	1	1	1	1	2	1	1	1	1	2
"2368"	4	4	3	3	2	2	2	2	4	2	2
"2369"	1	1	1	1	2	2	1	2	2	1	2
"2370"	1	1	1	1	1	4	1	2	4	4	2
"2371"	4	4	4	3	4	4	4	3	3	4	2
"2372"	1	2	1	1	1	2	1	1	1	1	2
"2373"	1	3	4	3	2	4	4	1	3	2	2
"2374"	3	2	2	3	2	4	1	2	4	3	2
"2375"	2	3	2	1	1	4	2	1	1	3	2
"2376"	4	4	3	1	2	4	2	3	4	4	2
"2377"	4	4	3	3	4	3	4	4	3	3	2
"2378"	4	4	4	4	3	4	4	4	2	4	2
"2379"	1	2	4	3	1	4	1	1	4	1	2
"2380"	4	3	3	2	4	4	3	4	4	1	2
"2381"	1	1	1	1	1	2	1	1	1	1	2
"2382"	2	3	3	4	4	4	3	2	3	4	2
"2383"	2	3	2	1	1	1	2	2	1	1	2
"2384"	3	3	3	3	3	3	3	2	3	3	2
"2385"	3	3	2	3	3	3	3	3	4	4	2
"2386"	1	2	1	1	1	2	1	1	1	1	2
"2387"	2	1	3	3	3	4	3	3	4	4	2
"2388"	3	2	1	2	3	2	3	2	2	1	2
"2389"	1	2	2	1	1	4	2	2	4	1	2
"2390"	4	4	3	3	3	3	3	3	3	3	2
"2391"	1	2	1	1	1	4	1	3	4	1	2
"2392"	4	3	3	3	4	4	4	3	4	4	2
"2393"	3	2	3	2	4	4	1	3	3	1	2
"2394"	1	1	1	1	1	1	1	1	2	2	2
"2395"	3	1	2	2	2	4	2	2	3	3	2
"2396"	4	4	3	3	3	4	4	4	3	3	2
"2397"	1	1	1	4	4	4	1	2	3	1	2
"2398"	2	4	2	3	2	4	3	3	4	2	2
"2399"	2	2	2	2	2	4	2	3	3	2	2
"2400"	1	1	2	2	1	3	1	2	1	1	2
"2401"	1	1	1	1	3	3	2	3	2	1	2
"2402"	3	3	3	1	3	3	2	2	2	3	2
"2403"	3	3	4	4	2	2	3	3	4	3	2
"2404"	3	3	3	3	3	3	3	3	3	2	2
"2405"	2	1	2	1	1	4	1	1	1	2	2
"2406"	1	1	2	1	4	4	1	1	2	2	2
"2407"	4	3	4	4	3	4	4	2	3	2	2
"2408"	4	3	3	3	4	4	4	4	4	3	2
"2409"	2	3	1	1	2	4	1	1	3	3	2
"2410"	4	4	4	4	4	4	3	4	4	3	2
"2411"	1	1	2	1	2	1	1	1	2	1	2
"2412"	2	3	3	2	3	4	3	3	4	2	2
"2413"	1	1	1	1	1	1	1	1	1	1	2
"2414"	2	2	3	4	2	4	3	3	4	2	2
"2415"	2	2	1	2	1	1	1	1	1	2	2
"2416"	2	1	1	1	2	3	2	2	2	3	2
"2417"	1	1	1	1	2	2	1	2	2	1	2
"2418"	3	4	4	2	4	3	4	4	1	1	2
"2419"	3	3	4	4	4	3	3	4	4	3	2
"2420"	1	1	2	2	1	4	2	1	3	2	2
"2421"	4	3	2	3	2	4	3	4	4	2	2
"2422"	1	1	2	1	3	3	1	1	4	1	2
"2423"	4	2	2	2	4	4	4	4	4	4	2
"2424"	4	1	3	1	2	4	2	3	3	4	2
"2425"	1	1	1	1	1	1	1	1	1	1	2
"2426"	3	2	2	2	2	4	2	3	3	4	2
"2427"	2	2	2	3	3	3	1	1	3	3	2
"2428"	1	1	1	1	2	4	1	2	3	1	2
"2429"	4	3	1	2	3	4	3	3	2	4	2
"2430"	1	1	1	1	1	3	1	1	3	1	2
"2431"	2	2	2	2	1	4	4	2	4	2	2
"2432"	4	4	4	3	4	4	3	4	3	4	2
"2433"	2	2	1	3	2	4	2	2	3	4	2
"2434"	1	1	1	1	1	1	1	1	1	1	2
"2435"	3	2	2	3	4	4	3	3	3	3	2
"2436"	2	2	1	1	2	2	2	2	2	3	2
"2437"	1	1	1	1	2	2	1	1	2	2	2
"2438"	4	2	4	4	3	3	3	2	2	4	2
"2439"	3	1	1	1	1	1	1	1	1	4	2
"2440"	3	2	3	3	4	3	4	4	3	4	2
"2441"	2	2	1	1	2	2	1	2	1	1	2
"2442"	3	3	3	3	3	3	3	3	3	1	2
"2443"	1	1	2	1	1	2	1	1	1	1	2
"2444"	2	4	4	3	4	4	4	4	3	2	2
"2445"	1	1	1	1	2	2	1	1	2	1	2
"2446"	1	1	2	2	3	4	2	3	2	2	2
"2447"	1	2	1	2	2	2	1	4	2	1	2
"2448"	3	3	1	2	1	1	3	2	1	3	2
"2449"	2	2	2	2	2	3	3	2	2	2	2
"2450"	2	2	2	3	3	4	3	3	4	3	2
"2451"	2	2	1	2	2	4	1	1	3	4	2
"2452"	4	4	4	4	4	4	4	4	4	4	2
"2453"	1	2	2	3	1	3	2	2	2	2	2
"2454"	2	2	3	3	2	4	2	3	2	1	2
"2455"	2	2	1	2	3	1	1	1	1	1	2
"2456"	3	3	3	3	4	4	4	3	3	3	2
"2457"	4	3	2	1	3	3	2	3	2	3	2
"2458"	3	4	4	3	4	4	4	4	4	4	2
"2459"	4	2	1	2	1	4	2	2	1	1	2
"2460"	4	1	2	1	4	4	2	2	3	4	2
"2461"	2	1	2	2	1	2	1	1	1	4	2
"2462"	1	1	1	1	1	3	1	1	1	1	2
"2463"	1	1	1	1	4	4	1	1	1	2	2
"2464"	2	2	3	2	3	4	4	4	3	2	2
"2465"	3	3	4	3	3	4	3	3	1	2	2
"2466"	2	1	1	1	2	2	1	1	1	1	2
"2467"	1	3	3	2	3	1	4	4	4	1	2
"2468"	4	4	2	2	4	4	4	3	4	4	2
"2469"	1	2	1	1	2	2	2	1	1	2	2
"2470"	1	1	2	1	2	2	2	2	1	2	2
"2471"	4	4	4	4	4	4	4	4	4	4	2
"2472"	2	1	2	3	2	4	2	3	3	2	2
"2473"	3	3	3	2	4	4	4	4	4	4	2
"2474"	4	3	3	2	3	4	2	3	1	1	2
"2475"	1	1	1	2	2	3	4	1	2	3	2
"2476"	1	2	1	1	2	1	2	2	1	1	2
"2477"	3	2	2	2	2	4	2	2	3	4	2
"2478"	2	2	2	2	2	4	2	3	4	2	2
"2479"	4	2	3	3	4	4	3	2	4	4	2
"2480"	2	1	1	2	2	3	2	3	3	3	2
"2481"	1	1	2	2	2	3	2	1	2	2	2
"2482"	4	4	4	2	4	4	4	4	4	4	2
"2483"	1	2	1	1	2	4	1	3	3	4	2
"2484"	2	1	1	1	1	3	1	2	2	2	2
"2485"	4	3	3	3	4	4	3	4	2	4	2
"2486"	3	4	4	4	3	3	4	3	4	1	2
"2487"	2	3	2	1	2	4	2	2	4	2	2
"2488"	1	2	1	1	2	2	1	1	1	1	2
"2489"	1	2	4	3	4	2	3	2	2	1	2
"2490"	2	3	3	3	3	4	3	3	3	3	2
"2491"	1	1	3	1	2	3	2	1	1	2	2
"2492"	1	2	2	1	2	3	3	2	2	2	2
"2493"	2	2	2	2	1	2	1	2	1	4	2
"2494"	4	2	2	1	2	3	4	4	3	2	2
"2495"	3	3	3	4	4	4	3	3	2	3	2
"2496"	2	2	3	1	3	3	2	3	3	3	2
"2497"	3	3	2	1	1	3	2	2	4	1	2
"2498"	1	1	1	1	2	3	1	1	3	1	2
"2499"	1	1	1	1	3	3	2	2	4	1	2
"2500"	2	4	4	3	4	4	2	3	4	2	2
"2501"	1	2	1	1	1	1	1	1	1	1	2
"2502"	1	1	1	1	1	2	1	1	2	1	2
"2503"	2	2	1	2	1	2	3	3	4	4	2
"2504"	2	1	1	1	1	1	1	1	1	1	2
"2505"	4	3	2	2	2	4	1	2	2	4	2
"2506"	4	3	3	3	4	4	2	3	2	4	2
"2507"	2	2	2	2	4	4	3	3	1	4	2
"2508"	2	3	2	1	3	4	2	1	2	2	2
"2509"	2	2	2	1	2	4	2	3	1	3	2
"2510"	4	4	4	4	4	4	4	4	4	4	2
"2511"	3	3	3	3	2	2	1	2	2	3	2
"2512"	1	1	1	1	1	1	1	2	2	1	2
"2513"	1	1	2	1	2	4	1	2	1	3	2
"2514"	4	3	2	2	3	4	3	1	3	4	2
"2515"	3	3	3	2	3	4	3	2	4	3	2
"2516"	2	2	3	3	1	2	2	2	3	3	2
"2517"	3	2	2	2	3	3	2	2	2	3	2
"2518"	1	1	1	1	1	3	1	1	2	1	2
"2519"	4	4	4	4	4	4	3	3	3	4	2
"2520"	1	1	1	1	2	4	1	1	2	2	2
"2521"	3	3	2	1	1	2	1	2	2	2	2
"2522"	2	2	2	2	1	3	2	2	1	3	2
"2523"	1	2	3	1	2	3	1	2	3	2	2
"2524"	2	2	2	1	2	1	2	2	1	1	2
"2525"	3	2	2	1	3	4	4	2	3	4	2
"2526"	4	4	4	4	4	3	4	3	3	4	2
"2527"	1	1	2	1	1	3	2	2	2	1	2
"2528"	4	4	4	4	4	4	4	4	4	4	2
"2529"	3	3	2	2	3	4	3	3	3	4	2
"2530"	2	3	4	3	4	3	4	1	2	4	2
"2531"	1	1	1	4	4	4	3	4	3	4	2
"2532"	4	4	2	2	3	3	2	2	3	4	2
"2533"	2	1	1	1	1	2	1	1	2	1	2
"2534"	4	3	4	4	3	4	3	3	4	4	2
"2535"	2	2	2	1	3	3	2	3	2	2	2
"2536"	4	3	1	3	1	4	3	3	3	4	2
"2537"	1	1	1	1	1	2	2	1	1	1	2
"2538"	2	1	1	1	1	2	2	2	3	1	2
"2539"	1	1	3	2	4	4	3	3	2	2	2
"2540"	1	3	3	3	3	3	3	3	3	1	2
"2541"	2	1	1	1	2	2	1	1	1	3	2
"2542"	2	3	2	2	4	4	2	3	2	3	2
"2543"	1	1	2	1	1	4	1	1	4	3	2
"2544"	2	2	1	1	1	2	1	1	1	1	2
"2545"	4	2	3	1	1	4	1	1	1	4	2
"2546"	2	2	3	1	2	2	1	2	2	3	2
"2547"	3	2	2	1	1	4	3	2	1	1	2
"2548"	2	1	2	1	4	4	1	1	2	4	2
"2549"	2	3	4	3	4	3	2	3	2	2	2
"2550"	4	4	4	4	4	4	4	4	4	4	2
"2551"	2	1	1	1	1	1	1	1	1	1	2
"2552"	3	2	2	2	1	4	3	3	3	4	2
"2553"	1	2	1	1	2	4	4	3	1	4	2
"2554"	4	3	3	3	1	4	3	3	4	3	2
"2555"	1	1	2	2	1	2	1	1	3	1	2
"2556"	4	3	4	2	3	4	2	2	2	4	2
"2557"	2	2	2	1	3	2	3	3	1	1	2
"2558"	4	3	3	2	4	4	2	2	2	4	2
"2559"	3	4	4	3	4	4	4	4	4	4	2
"2560"	1	1	1	1	1	2	1	1	1	1	2
"2561"	1	2	1	1	1	2	1	1	2	1	2
"2562"	3	3	4	2	3	4	3	4	4	2	2
"2563"	3	4	2	1	4	4	3	2	3	4	2
"2564"	2	1	1	1	1	3	2	1	2	3	2
"2565"	4	4	4	2	3	4	3	4	4	4	2
"2566"	4	3	3	1	1	3	2	1	2	1	2
"2567"	1	1	1	2	1	1	1	1	1	1	2
"2568"	2	3	2	2	1	2	1	2	2	1	2
"2569"	1	1	1	1	2	3	1	1	1	1	2
"2570"	3	4	3	4	3	4	3	3	3	4	2
"2571"	4	3	2	2	4	4	3	4	4	4	2
"2572"	4	4	4	4	4	4	3	3	4	4	2
"2573"	1	2	1	1	1	1	2	1	1	1	2
"2574"	2	1	1	1	3	3	2	2	1	4	2
"2575"	3	2	1	1	3	4	2	4	4	4	2
"2576"	3	1	2	4	3	4	3	4	4	3	2
"2577"	2	1	3	2	4	4	3	4	4	3	2
"2578"	1	3	3	2	2	1	2	1	4	1	2
"2579"	4	2	2	2	2	4	3	2	1	4	2
"2580"	1	2	1	1	2	4	1	1	2	2	2
"2581"	2	1	1	1	1	1	1	1	1	2	2
"2582"	2	2	2	1	1	3	1	1	4	1	2
"2583"	2	1	1	1	3	2	4	2	1	1	2
"2584"	4	3	4	4	4	4	3	4	1	4	2
"2585"	2	3	4	3	3	4	2	2	2	3	2
"2586"	1	1	1	1	1	4	1	1	2	1	2
"2587"	2	2	1	1	1	1	1	1	1	1	2
"2588"	1	1	2	3	2	3	3	1	1	4	2
"2589"	2	3	2	3	4	4	3	3	4	3	2
"2590"	3	2	2	1	2	3	3	1	3	1	2
"2591"	2	4	2	4	2	1	1	1	1	1	2
"2592"	3	2	3	1	3	4	4	3	4	1	2
"2593"	1	2	1	1	1	2	1	1	3	2	2
"2594"	1	1	2	1	3	4	2	2	3	3	2
"2595"	4	3	3	2	4	4	3	4	4	3	2
"2596"	2	2	3	2	3	4	2	2	1	3	2
"2597"	2	2	1	1	1	3	1	2	4	1	2
"2598"	3	4	4	3	4	4	4	4	4	2	2
"2599"	4	4	4	2	2	3	3	3	3	4	2
"2600"	1	1	1	1	1	4	1	2	2	2	2
"2601"	4	3	2	4	3	4	3	3	4	4	2
"2602"	2	2	2	2	2	4	4	3	4	4	2
"2603"	2	2	2	1	2	3	2	2	3	2	2
"2604"	1	1	1	1	1	3	1	1	1	1	2
"2605"	1	1	1	1	2	2	1	1	1	2	2
"2606"	1	2	2	2	2	2	1	2	2	2	2
"2607"	2	2	4	1	4	4	2	3	4	4	2
"2608"	3	4	3	3	4	2	3	4	2	1	2
"2609"	2	2	2	1	2	3	2	2	4	4	2
"2610"	4	2	2	3	2	4	4	2	2	4	2
"2611"	1	4	4	2	3	4	3	3	4	1	2
"2612"	1	1	1	1	1	2	3	1	3	1	2
"2613"	2	1	3	2	3	4	4	3	3	3	2
"2614"	3	2	2	2	1	3	2	2	1	1	2
"2615"	3	2	3	3	3	3	2	3	4	4	2
"2616"	4	2	1	1	1	3	1	2	3	4	2
"2617"	2	3	4	2	4	4	4	4	4	3	2
"2618"	3	1	1	4	4	4	1	1	4	4	2
"2619"	4	3	3	2	3	3	3	3	3	2	2
"2620"	1	1	1	2	2	4	2	2	4	2	2
"2621"	1	1	2	2	2	2	1	1	1	3	2
"2622"	2	2	2	2	4	4	2	3	4	4	2
"2623"	4	3	4	4	4	4	4	4	3	3	2
"2624"	2	2	3	3	1	4	1	1	3	3	2
"2625"	2	3	4	4	2	4	2	2	2	3	2
"2626"	2	1	1	2	2	3	1	1	1	1	2
"2627"	1	1	1	1	1	2	1	1	1	1	2
"2628"	2	3	2	4	3	4	2	2	4	3	2
"2629"	4	4	4	2	4	4	4	4	4	4	2
"2630"	3	3	4	4	2	4	2	3	2	2	2
"2631"	3	1	1	2	1	2	1	1	1	2	2
"2632"	1	2	1	1	1	2	2	1	1	1	2
"2633"	2	2	2	1	3	3	2	2	1	3	2
"2634"	3	2	3	3	2	4	2	3	4	4	2
"2635"	1	1	1	1	1	1	1	1	1	1	2
"2636"	3	4	3	2	3	2	4	3	2	1	2
"2637"	4	2	2	1	1	4	3	2	1	2	2
"2638"	4	4	4	4	4	4	4	4	4	4	2
"2639"	3	2	3	1	2	4	3	3	4	4	2
"2640"	4	4	3	2	1	4	1	2	3	2	2
"2641"	3	3	4	4	3	4	2	3	1	4	2
"2642"	2	1	2	2	2	1	1	1	2	4	2
"2643"	4	4	4	4	4	4	3	3	3	4	2
"2644"	1	1	1	1	1	2	1	1	1	1	2
"2645"	1	1	2	1	1	3	1	1	2	2	2
"2646"	2	2	4	2	4	4	4	4	4	4	2
"2647"	1	1	1	2	1	2	1	1	2	1	2
"2648"	2	1	1	1	2	2	1	1	1	3	2
"2649"	3	3	3	1	4	4	3	2	4	4	2
"2650"	2	1	1	1	1	2	1	1	2	3	2
"2651"	2	3	2	2	2	4	3	3	3	4	2
"2652"	1	3	3	3	2	2	2	3	3	3	2
"2653"	2	2	2	3	2	2	1	1	2	2	2
"2654"	1	2	1	1	3	3	1	1	4	2	2
"2655"	3	3	3	2	2	4	1	3	4	3	2
"2656"	2	1	2	2	2	4	2	2	1	3	2
"2657"	1	4	4	3	4	1	4	4	4	1	2
"2658"	4	3	3	3	1	4	3	3	3	4	2
"2659"	4	4	4	4	4	4	4	4	4	4	2
"2660"	1	1	1	1	1	1	2	1	1	1	2
"2661"	2	1	1	1	1	3	3	1	1	2	2
"2662"	3	2	3	2	3	4	4	4	4	4	2
"2663"	3	2	1	1	3	3	1	1	1	3	2
"2664"	1	1	1	1	2	3	1	1	1	1	2
"2665"	2	2	2	1	3	3	2	1	2	2	2
"2666"	1	3	2	1	4	4	1	3	4	3	2
"2667"	4	4	4	4	4	4	4	4	4	4	2
"2668"	4	4	3	2	4	4	4	4	4	3	2
"2669"	1	1	1	1	1	2	1	1	3	1	2
"2670"	4	4	4	4	4	4	4	4	3	4	2
"2671"	4	3	4	4	3	4	4	4	4	4	2
"2672"	2	4	4	2	4	4	3	4	4	2	2
"2673"	4	2	2	1	4	4	2	2	1	4	2
"2674"	1	1	1	1	1	2	1	1	1	2	2
"2675"	1	3	2	1	1	3	1	1	3	1	2
"2676"	4	4	4	4	1	4	1	4	4	4	2
"2677"	2	3	4	4	2	4	2	1	2	3	2
"2678"	2	2	4	1	4	4	4	4	4	3	2
"2679"	1	1	1	1	1	3	1	1	1	2	2
"2680"	1	2	1	1	3	3	2	1	3	1	2
"2681"	1	2	2	2	2	1	1	2	1	1	2
"2682"	1	1	1	2	1	2	1	1	1	1	2
"2683"	1	1	1	1	1	1	1	1	1	1	2
"2684"	2	3	2	2	1	2	1	1	1	3	2
"2685"	2	2	2	1	3	4	2	2	1	4	2
"2686"	3	3	3	1	3	3	3	2	3	3	2
"2687"	3	4	4	4	3	4	3	3	2	4	2
"2688"	1	2	2	1	1	3	1	1	1	1	2
"2689"	2	1	2	1	2	4	2	4	4	4	2
"2690"	1	1	1	1	1	2	1	1	2	1	2
"2691"	3	2	3	2	4	4	3	3	4	4	2
"2692"	1	1	1	1	4	4	2	1	3	1	2
"2693"	1	2	2	2	3	4	2	3	4	1	2
"2694"	3	3	4	4	4	4	2	4	2	4	2
"2695"	3	2	1	1	3	4	4	2	4	3	2
"2696"	2	2	3	4	2	4	2	2	4	4	2
"2697"	1	2	2	1	1	2	2	2	2	1	2
"2698"	1	1	1	1	1	2	1	1	2	1	2
"2699"	2	2	2	2	2	2	2	2	2	3	2
"2700"	4	4	4	1	3	4	4	2	4	4	2
"2701"	1	2	1	2	1	2	1	2	2	1	2
"2702"	2	1	1	1	1	2	1	1	1	2	2
"2703"	1	1	2	1	1	4	4	2	4	1	2
"2704"	1	1	1	1	3	2	1	1	1	1	2
"2705"	1	1	2	3	3	3	2	1	2	1	2
"2706"	2	1	2	4	3	3	2	1	2	2	2
"2707"	3	4	2	3	4	3	2	4	4	2	2
"2708"	1	1	1	1	1	2	1	1	1	3	2
"2709"	2	2	2	1	2	1	3	3	3	1	2
"2710"	2	1	3	4	2	4	4	4	1	4	2
"2711"	1	3	1	1	4	4	4	4	4	1	2
"2712"	2	4	4	2	4	4	4	4	4	4	2
"2713"	3	3	3	2	3	4	3	3	4	4	2
"2714"	1	1	1	1	1	1	1	1	1	1	2
"2715"	4	3	3	2	2	4	2	2	2	2	2
"2716"	1	2	2	1	3	2	1	1	4	1	2
"2717"	4	4	4	4	4	4	4	4	4	4	2
"2718"	4	3	4	4	4	4	3	3	4	2	2
"2719"	2	2	1	1	4	3	4	1	1	3	2
"2720"	4	2	3	3	2	3	1	2	1	2	2
"2721"	2	1	1	3	4	4	4	4	1	1	2
"2722"	2	1	1	1	1	1	1	1	1	1	2
"2723"	2	3	1	2	1	4	3	3	3	2	2
"2724"	2	1	1	2	3	3	2	2	2	3	2
"2725"	1	2	2	1	2	2	2	3	3	1	2
"2726"	3	2	3	2	2	1	2	1	2	1	2
"2727"	3	1	1	1	1	4	1	1	1	4	2
"2728"	4	2	1	2	2	3	1	3	2	1	2
"2729"	2	1	1	1	2	3	1	2	2	1	2
"2730"	3	2	1	1	2	2	3	2	3	4	2
"2731"	3	3	2	1	2	3	1	1	3	3	2
"2732"	4	3	2	3	2	3	2	2	2	4	2
"2733"	3	4	4	1	3	4	3	3	4	4	2
"2734"	1	2	4	1	3	4	3	1	4	1	2
"2735"	1	1	1	1	1	2	1	1	1	1	2
"2736"	1	1	1	1	1	3	1	1	1	1	2
"2737"	2	1	2	1	2	3	1	1	3	2	2
"2738"	4	3	2	4	4	4	3	4	4	1	2
"2739"	2	3	2	2	4	4	3	2	4	4	2
"2740"	2	2	1	1	1	2	1	1	1	2	2
"2741"	3	3	3	2	2	1	1	2	3	2	2
"2742"	3	2	4	2	3	4	3	3	2	2	2
"2743"	2	3	3	2	4	3	2	2	2	3	2
"2744"	3	2	2	2	4	4	2	4	4	2	2
"2745"	2	2	3	3	3	3	2	2	3	4	2
"2746"	1	1	2	2	2	4	1	1	3	1	2
"2747"	1	1	1	1	1	4	1	1	2	2	2
"2748"	4	4	4	2	3	2	3	4	3	2	2
"2749"	2	2	3	2	3	3	2	2	3	3	2
"2750"	1	1	1	2	1	2	1	1	1	1	2
"2751"	2	2	3	1	2	4	1	1	2	3	2
"2752"	1	3	4	4	4	4	3	4	3	4	2
"2753"	1	1	1	1	1	2	1	1	1	2	2
"2754"	2	3	3	3	3	3	2	3	3	4	2
"2755"	1	1	1	2	1	3	1	1	1	1	2
"2756"	1	1	1	1	1	1	1	1	1	1	2
"2757"	2	1	1	1	2	3	2	3	4	2	2
"2758"	3	2	1	2	3	3	1	2	3	4	2
"2759"	3	2	3	2	4	4	4	4	4	1	2
"2760"	3	2	1	1	1	2	2	2	1	3	2
"2761"	3	4	4	1	4	4	3	4	4	3	2
"2762"	4	2	2	2	4	4	3	3	4	4	2
"2763"	1	2	2	2	2	4	2	3	3	3	2
"2764"	2	1	3	2	2	4	3	2	2	2	2
"2765"	1	1	1	1	1	1	1	1	1	1	2
"2766"	4	3	2	1	1	2	4	4	2	4	2
"2767"	4	4	2	2	1	3	4	4	4	4	2
"2768"	2	2	3	2	3	3	1	3	3	2	2
"2769"	3	4	2	1	1	2	3	4	2	4	2
"2770"	4	4	4	4	3	4	4	2	3	3	2
"2771"	2	2	1	2	3	4	1	1	2	4	2
"2772"	4	2	2	2	4	4	4	3	3	2	2
"2773"	2	3	2	2	3	4	2	3	3	4	2
"2774"	4	4	4	4	3	4	3	4	4	4	2
"2775"	3	3	2	2	3	4	2	2	2	4	2
"2776"	4	3	3	2	2	4	3	3	3	2	2
"2777"	1	1	1	1	1	2	1	1	3	1	2
"2778"	2	2	2	1	4	4	1	4	4	1	2
"2779"	2	1	1	2	2	2	1	1	1	2	2
"2780"	3	3	2	3	2	4	3	2	2	2	2
"2781"	4	4	3	3	3	3	3	4	4	4	2
"2782"	2	1	2	2	2	3	2	2	1	2	2
"2783"	2	2	1	1	3	1	4	4	2	1	2
"2784"	4	3	4	3	3	4	3	3	3	4	2
"2785"	3	3	4	3	3	4	2	3	3	4	2
"2786"	1	1	1	1	1	1	1	1	1	1	2
"2787"	4	3	3	4	2	4	3	4	2	4	2
"2788"	3	1	1	1	2	2	3	2	3	2	2
"2789"	3	2	3	3	4	4	4	4	2	4	2
"2790"	3	3	3	2	4	4	3	4	4	4	2
"2791"	2	2	1	1	1	1	2	1	3	1	2
"2792"	1	1	1	1	1	1	1	1	1	1	2
"2793"	2	1	2	1	4	4	1	3	4	4	2
"2794"	2	2	3	2	4	4	2	2	2	1	2
"2795"	3	2	2	2	4	4	2	3	4	4	2
"2796"	3	2	2	1	4	4	3	3	2	4	2
"2797"	4	3	3	1	4	4	3	3	3	4	2
"2798"	1	1	1	1	2	4	1	1	1	4	2
"2799"	2	4	2	2	3	4	4	2	3	2	2
"2800"	1	1	2	1	3	3	1	1	2	1	2
"2801"	2	3	2	2	2	2	3	2	2	1	2
"2802"	3	1	1	2	1	3	1	1	3	4	2
"2803"	3	3	2	2	3	4	4	2	4	2	2
"2804"	1	2	2	3	2	4	1	1	3	1	2
"2805"	2	4	4	4	3	3	2	1	1	1	2
"2806"	4	4	4	4	4	4	4	4	4	4	2
"2807"	4	4	2	1	4	1	4	4	4	4	2
"2808"	2	3	3	3	3	4	2	2	4	1	2
"2809"	2	2	2	2	1	4	1	2	3	4	2
"2810"	3	2	4	1	3	4	3	3	2	1	2
"2811"	1	2	1	1	1	2	1	2	1	1	2
"2812"	3	4	4	3	4	4	4	4	4	4	2
"2813"	2	3	3	3	2	4	3	3	3	2	2
"2814"	3	2	2	2	2	4	3	2	3	3	2
"2815"	3	4	3	2	3	4	2	3	4	4	2
"2816"	2	2	2	2	1	2	1	1	2	3	2
"2817"	2	1	2	2	3	4	2	2	3	3	2
"2818"	1	1	1	2	1	2	1	1	1	1	2
"2819"	1	1	1	1	1	2	1	1	2	1	2
"2820"	3	2	2	4	4	4	3	3	3	4	2
"2821"	3	3	3	2	3	3	2	3	3	3	2
"2822"	1	3	3	3	1	3	1	2	3	2	2
"2823"	1	1	1	2	1	2	1	1	1	1	2
"2824"	4	4	4	4	4	4	4	4	4	4	2
"2825"	1	1	1	1	1	1	1	1	2	1	2
"2826"	4	4	3	2	4	4	3	3	2	3	2
"2827"	1	1	2	1	3	3	3	3	2	2	2
"2828"	3	2	3	1	3	3	3	2	1	2	2
"2829"	2	4	1	1	1	4	3	2	1	2	2
"2830"	3	3	3	1	4	3	3	3	3	1	2
"2831"	1	1	2	1	3	4	3	3	4	2	2
"2832"	1	2	3	1	4	4	4	3	4	1	2
"2833"	1	2	1	1	3	3	2	1	1	1	2
"2834"	2	1	1	2	1	1	1	1	1	2	2
"2835"	2	1	1	2	3	4	2	1	2	2	2
"2836"	4	4	4	4	4	4	4	4	4	4	2
"2837"	3	2	2	1	1	3	2	1	2	4	2
"2838"	1	2	1	1	1	2	1	1	1	1	2
"2839"	1	1	1	1	1	2	1	1	1	1	2
"2840"	2	2	3	2	2	4	1	2	3	2	2
"2841"	1	1	1	1	1	2	1	2	1	1	2
"2842"	3	2	2	2	1	3	2	2	3	3	2
"2843"	1	1	1	1	1	2	1	1	1	2	2
"2844"	1	2	1	1	1	2	1	1	2	1	2
"2845"	2	2	3	2	1	4	3	2	3	2	2
"2846"	3	3	3	3	2	3	2	3	2	1	2
"2847"	1	2	2	1	1	4	1	1	1	2	2
"2848"	1	1	1	1	2	3	1	1	4	4	2
"2849"	4	4	4	4	4	4	4	4	4	4	2
"2850"	2	1	1	1	1	4	1	2	1	3	2
"2851"	2	3	4	1	4	4	3	3	1	4	2
"2852"	3	1	1	1	3	1	1	1	1	4	2
"2853"	1	2	2	3	2	4	3	2	2	2	2
"2854"	1	3	2	1	1	4	3	3	4	1	2
"2855"	2	2	2	2	2	2	2	2	3	4	2
"2856"	3	3	3	2	3	3	2	2	3	4	2
"2857"	2	1	2	1	1	4	1	1	4	4	2
"2858"	2	2	2	1	2	4	2	2	4	3	2
"2859"	2	1	1	1	1	4	2	2	2	2	2
"2860"	2	2	1	1	3	4	3	2	2	1	2
"2861"	3	3	1	1	1	2	1	2	2	3	2
"2862"	4	2	2	3	4	4	3	3	4	1	2
"2863"	3	1	1	1	2	3	3	2	3	2	2
"2864"	3	4	3	4	3	2	3	4	3	4	2
"2865"	3	4	4	3	3	4	4	4	2	4	2
"2866"	3	1	2	1	2	2	2	2	1	2	2
"2867"	1	1	2	2	2	3	2	2	2	2	2
"2868"	2	3	4	2	4	4	2	2	4	3	2
"2869"	4	4	4	3	2	4	2	2	1	4	2
"2870"	1	2	2	1	3	3	1	3	2	3	2
"2871"	4	2	2	1	2	3	3	1	3	4	2
"2872"	1	1	1	1	1	1	1	1	1	1	2
"2873"	3	4	2	3	3	2	3	3	3	2	2
"2874"	3	2	2	3	4	4	3	3	2	3	2
"2875"	1	2	2	2	2	3	2	1	1	1	2
"2876"	1	1	1	2	2	4	2	2	1	3	2
"2877"	3	2	3	2	3	2	3	2	3	2	2
"2878"	4	3	2	4	4	3	2	4	4	1	2
"2879"	3	2	2	1	4	4	2	2	1	3	2
"2880"	3	2	4	2	4	4	2	2	4	4	2
"2881"	4	4	4	4	4	4	4	4	4	4	2
"2882"	3	3	3	2	4	4	4	4	4	4	2
"2883"	1	1	2	1	1	2	1	1	1	1	2
"2884"	1	1	1	1	2	2	1	2	1	1	2
"2885"	1	1	1	1	1	3	2	2	1	1	2
"2886"	1	3	3	1	2	4	2	3	4	1	2
"2887"	2	3	3	4	4	4	2	4	3	4	2
"2888"	2	3	3	2	4	4	2	4	3	1	2
"2889"	3	4	4	4	4	4	2	3	2	2	2
"2890"	4	2	2	1	2	2	2	1	1	1	2
"2891"	3	3	3	2	4	4	4	4	1	1	2
"2892"	1	1	1	1	2	3	3	2	3	4	2
"2893"	1	1	1	1	1	2	1	1	1	1	2
"2894"	3	2	3	1	2	4	2	2	3	2	2
"2895"	4	1	2	3	3	4	2	2	3	3	2
"2896"	3	2	2	2	3	3	2	3	3	4	2
"2897"	1	1	1	1	1	2	1	1	1	4	2
"2898"	3	4	3	2	1	3	2	4	1	2	2
"2899"	2	1	1	2	3	4	3	2	3	4	2
"2900"	4	1	1	1	4	4	1	2	4	4	2
"2901"	1	1	1	1	1	3	1	1	2	1	2
"2902"	3	2	2	2	3	4	2	4	4	3	2
"2903"	4	3	3	2	4	4	4	4	3	2	2
"2904"	1	1	1	1	1	2	1	1	2	2	2
"2905"	1	1	2	1	1	3	2	2	2	1	2
"2906"	2	3	2	3	3	3	2	2	3	3	2
"2907"	1	1	1	2	1	2	1	1	1	1	2
"2908"	1	1	2	1	3	2	2	2	3	3	2
"2909"	2	1	1	1	1	2	1	2	2	1	2
"2910"	4	4	4	4	4	4	4	4	4	4	2
"2911"	2	1	2	1	3	4	2	2	1	2	2
"2912"	2	1	2	1	2	4	3	3	4	1	2
"2913"	3	2	1	1	2	1	2	2	3	4	2
"2914"	2	3	2	2	3	1	3	3	3	1	2
"2915"	2	1	2	1	3	3	1	2	1	3	2
"2916"	2	3	3	1	2	2	2	2	3	4	2
"2917"	2	2	1	1	2	4	4	4	4	4	2
"2918"	1	2	2	1	3	3	2	1	1	1	2
"2919"	2	2	3	2	4	4	3	3	3	3	2
"2920"	1	1	1	1	1	2	1	1	1	1	2
"2921"	4	3	1	2	4	4	4	4	1	3	2
"2922"	1	2	1	1	1	2	1	1	3	1	2
"2923"	3	3	3	3	3	3	3	2	3	3	2
"2924"	2	1	1	1	1	4	1	1	2	2	2
"2925"	2	1	1	1	2	2	1	1	3	1	2
"2926"	2	1	2	1	1	3	2	1	2	2	2
"2927"	3	2	4	4	4	4	2	4	2	2	2
"2928"	3	2	1	1	1	1	1	1	1	4	2
"2929"	3	2	2	2	1	2	2	3	4	3	2
"2930"	3	2	2	2	2	4	2	2	4	3	2
"2931"	4	4	4	4	4	4	4	4	4	4	2
"2932"	4	4	3	3	4	3	3	4	3	4	2
"2933"	4	3	4	4	3	4	2	3	4	4	2
"2934"	2	2	1	2	1	2	1	2	1	1	2
"2935"	3	3	3	1	2	3	2	2	4	4	2
"2936"	3	2	1	1	1	3	1	2	2	2	2
"2937"	3	2	1	2	2	3	2	2	2	2	2
"2938"	4	4	3	4	4	4	3	3	3	3	2
"2939"	4	4	2	2	2	4	3	3	2	1	2
"2940"	4	3	2	3	3	4	4	3	4	3	2
"2941"	1	1	1	1	1	4	3	3	4	3	2
"2942"	3	3	3	3	4	4	3	3	2	4	2
"2943"	1	2	2	1	2	4	1	1	2	4	2
"2944"	3	2	3	4	4	4	3	3	3	4	2
"2945"	1	3	2	3	1	4	2	2	3	4	2
"2946"	2	1	1	2	1	2	1	1	1	1	2
"2947"	1	4	3	1	2	4	4	4	4	4	2
"2948"	4	3	3	3	4	4	4	4	3	4	2
"2949"	3	3	3	2	3	3	2	3	3	3	2
"2950"	4	2	4	3	4	3	3	3	3	4	2
"2951"	1	2	2	2	4	4	4	4	4	3	2
"2952"	1	2	1	3	2	2	1	2	4	2	2
"2953"	3	3	3	1	3	4	3	4	4	4	2
"2954"	2	1	2	1	3	4	4	2	4	4	2
"2955"	3	3	4	4	2	4	2	3	2	4	2
"2956"	1	1	1	2	1	4	1	2	1	1	2
"2957"	1	1	1	2	1	2	1	1	2	2	2
"2958"	3	3	4	4	3	3	2	3	1	3	2
"2959"	2	2	2	2	4	4	1	3	1	2	2
"2960"	1	1	1	1	1	1	1	1	1	1	2
"2961"	3	2	2	1	3	3	2	2	3	3	2
"2962"	1	1	1	1	2	2	1	1	1	1	2
"2963"	2	1	1	1	1	1	1	1	1	1	2
"2964"	1	1	1	1	1	2	1	1	1	1	2
"2965"	4	4	4	2	3	3	3	4	4	4	2
"2966"	1	1	1	1	2	3	2	3	4	1	2
"2967"	4	2	2	2	2	4	3	2	1	4	2
"2968"	2	2	1	1	1	3	2	1	1	1	2
"2969"	3	3	3	2	1	4	2	2	3	4	2
"2970"	3	3	1	1	2	3	2	3	1	1	2
"2971"	4	2	2	1	2	4	3	2	3	4	2
"2972"	1	1	1	1	2	4	1	1	1	1	2
"2973"	2	2	1	1	3	4	1	3	2	1	2
"2974"	3	2	2	2	2	2	3	3	2	1	2
"2975"	1	1	1	1	1	2	1	1	1	1	2
"2976"	2	4	3	2	3	4	2	3	4	2	2
"2977"	4	2	4	3	2	3	1	2	3	4	2
"2978"	1	1	1	2	4	2	1	1	1	1	2
"2979"	1	1	1	1	1	2	1	1	1	1	2
"2980"	3	4	4	3	4	4	4	3	4	3	2
"2981"	4	4	4	4	4	4	4	4	4	4	2
"2982"	4	4	4	2	4	4	3	3	4	4	2
"2983"	2	1	1	1	2	4	2	2	1	1	2
"2984"	1	2	3	1	2	4	2	2	3	1	2
"2985"	3	4	4	4	4	4	3	3	2	3	2
"2986"	1	3	3	2	4	4	3	3	3	4	2
"2987"	3	2	2	2	4	4	3	4	4	3	2
"2988"	1	1	1	1	1	3	1	1	1	1	2
"2989"	3	3	3	2	4	4	3	2	3	4	2
"2990"	2	3	3	1	3	4	1	3	4	2	2
"2991"	2	4	4	4	4	4	4	4	4	4	2
"2992"	3	2	3	1	4	3	3	2	2	2	2
"2993"	1	1	1	1	1	2	1	1	1	1	2
"2994"	2	4	3	4	2	2	3	4	4	2	2
"2995"	3	2	1	1	2	3	3	3	2	1	2
"2996"	2	1	1	1	2	2	1	1	3	4	2
"2997"	2	2	2	3	2	4	3	3	1	4	2
"2998"	2	2	2	2	1	3	2	2	3	3	2
"2999"	2	2	4	2	4	4	3	4	4	4	2
"3000"	3	2	4	2	4	4	2	3	2	4	2
"3001"	1	1	1	1	1	3	1	2	1	1	2
"3002"	1	1	1	1	1	3	3	1	3	2	2
"3003"	4	4	4	3	4	4	2	4	4	4	2
"3004"	1	1	1	1	1	2	1	1	2	1	2
"3005"	1	2	2	2	3	1	3	3	3	1	2
"3006"	2	2	2	2	3	4	3	3	3	3	2
"3007"	2	2	1	1	3	3	2	3	3	3	2
"3008"	2	1	1	1	2	4	2	1	2	2	2
"3009"	3	2	2	2	2	3	4	2	3	4	2
"3010"	2	3	2	1	2	2	2	2	2	3	2
"3011"	1	1	1	1	1	2	1	1	2	1	2
"3012"	1	1	1	1	1	2	1	2	1	1	2
"3013"	1	1	2	2	3	3	1	1	2	1	2
"3014"	1	2	1	1	1	3	1	1	1	1	2
"3015"	2	1	2	2	3	4	2	2	3	3	2
"3016"	3	3	2	2	1	2	2	2	2	3	2
"3017"	4	4	4	4	4	4	4	4	4	4	2
"3018"	3	3	3	2	2	4	2	2	4	2	2
"3019"	2	2	3	3	4	4	3	3	4	4	2
"3020"	1	2	3	3	3	4	2	3	3	2	2
"3021"	1	1	1	1	1	3	1	1	2	1	2
"3022"	3	2	3	2	4	4	3	3	2	3	2
"3023"	4	3	1	1	2	4	3	4	3	1	2
"3024"	4	4	4	3	3	3	3	3	3	4	2
"3025"	2	3	2	2	3	4	4	4	4	2	2
"3026"	1	1	1	1	1	1	1	1	1	1	2
"3027"	2	2	3	3	3	4	3	4	4	4	2
"3028"	1	1	1	1	1	4	1	1	1	1	2
"3029"	4	1	1	1	1	4	1	1	4	1	2
"3030"	2	3	3	3	1	4	2	2	3	4	2
"3031"	1	1	1	1	1	4	1	1	4	1	2
"3032"	1	1	1	1	1	2	1	1	1	1	2
"3033"	4	2	2	2	4	4	2	3	1	4	2
"3034"	3	3	2	1	2	3	2	2	4	1	2
"3035"	1	2	2	1	4	4	4	4	4	4	2
"3036"	4	2	4	4	4	4	4	2	1	4	2
"3037"	1	1	1	1	1	1	1	1	1	1	2
"3038"	4	3	3	3	2	4	2	3	3	4	2
"3039"	4	4	4	3	4	4	4	4	1	4	2
"3040"	3	2	4	3	2	3	2	4	4	2	2
"3041"	1	1	1	1	1	3	1	1	1	1	2
"3042"	2	2	1	2	4	3	2	2	2	4	2
"3043"	1	1	1	1	1	2	1	1	1	1	2
"3044"	3	2	1	2	2	4	3	3	4	2	2
"3045"	4	3	2	3	1	4	2	2	3	3	2
"3046"	4	4	4	2	3	4	3	4	4	4	2
"3047"	2	1	1	1	3	4	3	2	2	2	2
"3048"	4	3	4	3	2	3	1	1	2	4	2
"3049"	4	4	4	3	3	4	3	4	4	3	2
"3050"	1	1	1	2	2	4	4	2	1	1	2
"3051"	3	4	4	4	4	4	4	4	4	4	2
"3052"	1	1	1	1	1	1	1	1	1	1	2
"3053"	2	2	4	1	1	3	2	3	2	4	2
"3054"	2	1	1	1	2	1	1	1	2	1	2
"3055"	1	1	1	1	1	4	2	1	1	3	2
"3056"	1	1	1	1	1	2	1	1	1	1	2
"3057"	2	2	2	2	4	4	4	4	3	3	2
"3058"	1	1	1	2	1	3	1	2	3	2	2
"3059"	3	4	2	4	4	3	2	3	3	2	2
"3060"	2	3	3	3	1	2	4	3	4	3	2
"3061"	1	1	1	2	2	4	1	2	2	2	2
"3062"	1	2	1	2	1	2	1	1	1	1	2
"3063"	3	3	4	4	3	4	3	3	2	4	2
"3064"	1	2	2	1	1	2	1	1	1	1	2
"3065"	3	3	3	3	3	2	3	3	3	2	2
"3066"	1	3	2	1	2	4	2	2	3	1	2
"3067"	3	2	4	3	2	4	4	4	4	4	2
"3068"	1	1	1	1	1	2	1	2	3	1	2
"3069"	1	3	1	1	2	1	1	1	1	4	2
"3070"	3	4	4	4	3	4	3	4	4	2	2
"3071"	4	3	1	2	1	2	3	3	1	1	2
"3072"	4	2	2	4	3	4	4	2	3	4	2
"3073"	4	4	4	4	4	4	4	4	4	4	2
"3074"	1	1	1	1	2	3	1	2	4	1	2
"3075"	2	2	1	1	1	4	3	3	1	1	2
"3076"	4	4	4	2	4	4	4	4	4	3	2
"3077"	3	4	2	2	2	4	2	2	4	3	2
"3078"	4	4	4	4	4	4	4	4	4	4	2
"3079"	4	2	1	2	1	3	2	2	2	1	2
"3080"	2	1	1	2	2	4	2	2	1	1	2
"3081"	2	1	1	2	3	1	1	2	1	4	2
"3082"	1	1	1	2	1	2	2	1	1	1	2
"3083"	2	3	3	3	2	4	3	2	3	1	2
"3084"	2	1	2	1	2	2	1	2	2	1	2
"3085"	4	2	3	3	4	3	1	2	1	4	2
"3086"	3	3	3	3	1	2	3	3	3	1	2
"3087"	2	2	2	2	2	3	2	2	3	4	2
"3088"	1	1	1	2	1	1	1	1	1	1	2
"3089"	1	1	1	1	1	1	1	1	1	1	2
"3090"	4	3	4	3	3	4	3	4	4	4	2
"3091"	4	4	2	3	4	3	3	4	4	4	2
"3092"	4	3	2	2	4	4	3	4	4	2	2
"3093"	1	1	1	1	3	4	2	3	3	1	2
"3094"	3	3	3	2	4	3	3	3	3	2	2
"3095"	4	4	4	4	4	4	4	4	4	4	2
"3096"	4	2	1	1	3	3	2	2	3	4	2
"3097"	1	1	1	1	2	4	1	1	2	1	2
"3098"	1	2	2	3	1	4	1	1	4	1	2
"3099"	1	1	1	1	1	4	1	2	4	1	2
"3100"	1	2	2	1	1	2	1	1	3	3	2
"3101"	4	3	4	4	4	4	3	3	4	4	2
"3102"	1	1	2	1	1	2	1	1	1	1	2
"3103"	4	4	4	2	2	4	3	4	4	4	2
"3104"	3	4	1	1	1	2	1	1	4	4	2
"3105"	2	2	2	1	1	4	1	1	1	4	2
"3106"	4	4	3	3	4	4	4	4	4	3	2
"3107"	4	4	2	2	3	3	3	3	3	4	2
"3108"	4	2	2	1	2	3	2	3	4	3	2
"3109"	1	1	2	2	1	3	1	1	1	1	2
"3110"	1	3	1	1	3	3	3	3	3	1	2
"3111"	3	3	3	2	4	4	1	2	1	4	2
"3112"	1	1	2	1	1	4	1	2	2	4	2
"3113"	2	2	2	1	3	2	2	3	2	2	2
"3114"	4	2	4	3	4	4	4	4	4	1	2
"3115"	1	1	1	1	1	2	1	1	1	1	2
"3116"	3	2	1	2	2	3	2	3	4	4	2
"3117"	2	1	2	2	3	4	2	1	4	3	2
"3118"	1	2	3	3	3	4	3	3	3	2	2
"3119"	4	4	4	4	4	4	4	4	4	4	2
"3120"	4	4	4	2	2	4	4	4	4	1	2
"3121"	1	1	1	1	2	2	1	1	3	3	2
"3122"	2	3	3	2	1	2	1	1	1	2	2
"3123"	2	2	2	1	2	4	2	2	4	1	2
"3124"	2	1	1	2	1	2	1	1	1	1	2
"3125"	1	2	1	2	3	3	1	2	1	1	2
"3126"	4	4	2	1	1	1	1	2	1	2	2
"3127"	3	2	3	4	4	4	3	3	3	2	2
"3128"	3	3	3	1	3	4	1	1	1	1	2
"3129"	2	1	3	2	3	4	1	1	1	3	2
"3130"	1	1	1	1	1	2	1	1	1	2	2
"3131"	4	3	2	1	2	4	2	2	4	4	2
"3132"	2	1	1	1	3	3	2	1	3	2	2
"3133"	1	2	2	1	2	1	1	1	1	2	2
"3134"	1	1	2	1	1	3	2	1	2	1	2
"3135"	2	2	1	1	1	2	2	2	1	1	2
"3136"	4	4	3	3	4	4	4	4	4	4	2
"3137"	2	1	1	1	2	4	2	1	1	2	2
"3138"	1	1	1	1	1	2	1	1	3	1	2
"3139"	1	1	1	1	1	1	1	1	1	1	2
"3140"	4	3	3	2	3	4	3	1	3	2	2
"3141"	1	1	1	2	3	3	3	3	3	2	2
"3142"	3	4	4	3	3	4	3	4	3	4	2
"3143"	2	2	4	4	4	4	4	4	4	4	2
"3144"	4	4	4	4	4	4	4	4	4	4	2
"3145"	2	1	1	1	1	3	2	2	4	4	2
"3146"	1	1	1	1	1	4	1	1	1	4	2
"3147"	3	2	1	1	2	2	4	3	2	2	2
"3148"	2	3	3	1	3	4	2	4	4	3	2
"3149"	1	1	1	2	4	4	4	4	4	1	2
"3150"	3	2	2	3	3	3	3	3	2	3	2
"3151"	4	4	2	4	2	1	4	4	1	1	2
"3152"	2	2	3	4	4	3	2	4	4	4	2
"3153"	1	1	1	1	1	2	1	1	1	2	2
"3154"	1	1	1	4	4	4	2	2	2	1	2
"3155"	2	3	1	1	4	4	4	3	3	3	2
"3156"	2	2	2	2	2	3	3	2	3	2	2
"3157"	3	3	3	4	2	4	3	4	4	3	2
"3158"	4	4	4	4	4	4	4	4	4	3	2
"3159"	3	4	4	1	3	4	4	4	3	2	2
"3160"	4	3	3	2	1	3	2	3	3	3	2
"3161"	2	1	1	1	1	2	1	1	1	2	2
"3162"	4	4	4	3	2	4	3	3	2	1	2
"3163"	4	3	4	4	4	2	3	3	2	4	2
"3164"	2	2	1	2	1	3	1	1	1	2	2
"3165"	2	2	1	1	3	4	2	3	3	4	2
"3166"	1	1	2	1	1	2	1	2	2	2	2
"3167"	1	1	1	1	1	1	1	1	1	1	2
"3168"	4	4	4	4	4	4	3	4	4	3	2
"3169"	4	4	3	2	2	1	1	3	2	2	2
"3170"	4	4	4	2	4	4	4	4	4	4	2
"3171"	1	1	1	1	2	4	1	1	4	2	2
"3172"	2	2	1	1	2	2	1	1	1	1	2
"3173"	2	1	3	1	1	2	2	2	1	2	2
"3174"	3	2	4	3	4	4	2	2	1	3	2
"3175"	3	2	3	2	1	4	2	3	2	2	2
"3176"	2	2	1	2	3	2	2	2	1	2	2
"3177"	1	1	1	1	1	1	1	1	1	1	2
"3178"	2	2	2	1	3	3	2	1	4	2	2
"3179"	3	4	4	2	1	4	2	3	4	4	2
"3180"	4	4	4	4	4	4	4	4	4	4	2
"3181"	1	2	2	1	3	2	2	2	2	1	2
"3182"	1	1	1	1	1	1	1	1	1	1	2
"3183"	1	3	3	2	3	4	4	4	4	1	2
"3184"	2	3	2	2	3	4	3	2	3	3	2
"3185"	1	1	1	1	1	1	1	1	1	1	2
"3186"	3	3	4	4	3	4	2	3	1	2	2
"3187"	3	1	1	1	1	2	1	1	1	1	2
"3188"	3	4	1	2	1	2	2	2	2	1	2
"3189"	1	2	3	1	2	4	2	3	4	1	2
"3190"	4	1	1	2	3	1	1	1	1	1	2
"3191"	1	2	1	2	1	2	2	2	3	1	2
"3192"	1	1	1	1	1	3	1	1	1	1	2
"3193"	3	3	3	2	4	4	3	4	4	3	2
"3194"	4	3	1	3	1	4	1	1	2	4	2
"3195"	4	2	1	1	3	1	3	4	2	3	2
"3196"	3	1	4	4	2	4	2	4	4	4	2
"3197"	4	3	3	2	2	4	3	3	3	4	2
"3198"	2	2	2	2	4	4	2	3	3	4	2
"3199"	1	1	1	1	1	2	1	1	1	1	2
"3200"	1	1	1	1	1	3	1	1	1	1	2
"3201"	3	2	4	4	4	4	4	4	4	2	2
"3202"	3	2	3	2	2	3	2	2	3	2	2
"3203"	4	4	3	3	4	4	3	3	4	3	2
"3204"	3	3	4	2	3	4	3	2	3	4	2
"3205"	3	1	2	1	4	4	2	2	3	4	2
"3206"	2	1	1	1	1	1	2	1	1	4	2
"3207"	2	4	4	4	4	4	4	4	4	4	2
"3208"	1	1	2	3	3	4	1	1	2	2	2
"3209"	2	2	2	1	3	4	4	4	3	3	2
"3210"	3	2	2	3	4	2	3	2	3	4	2
"3211"	2	2	3	2	2	4	4	4	3	3	2
"3212"	2	1	1	1	2	2	1	3	2	2	2
"3213"	3	2	3	2	4	4	3	3	3	3	2
"3214"	2	4	3	2	1	4	2	3	2	4	2
"3215"	2	1	2	1	3	4	3	4	4	4	2
